864
6625 1611
760
2027 3630
488
8478 3294
10
8761 3342
252
7436 9793
259
149 6096
672
8233 1638
848
2708 6080
291
4411 6099
829
5164 898
646
7678 6288
933
2966 6556
173
8103 3785
620
3751 5787
745
2627 2747
26
6592 8116
165
1400 1746
982
1145 5640
981
525 7828
724
3935 4515
906
7379 2986
167
2193 2698
546
7757 1821
12
5836 517
379
2298 6146
962
7007 7211
648
3313 9498
903
8286 3967
324
5014 2240
852
1579 739
977
4932 4006
501
6018 1989
614
8014 1311
140
2757 207
247
3589 6039
173
3815 2292
888
6252 3341
232
9832 6756
407
5147 2569
240
735 8293
547
85 4635
507
9681 7850
565
9086 9762
791
119 5640
909
2930 8268
842
496 5390
931
2160 2332
203
100 5670
333
494 1330
209
4663 5052
509
3225 1736
16
8257 9490
733
4368 781
442
6130 3482
81
5453 2396
906
4342 7484
816
4037 777
332
9383 4340
835
7237 6814
323
8901 3595
195
2659 2889
398
9516 9065
404
9772 8370
258
8859 8596
655
6383 1256
34
1669 6658
575
6008 1616
684
8279 7612
94
2403 5803
359
3552 8764
320
2382 5989
318
5598 3338
547
323 2946
183
299 3136
557
191 2578
605
9803 4182
182
2627 5286
234
6318 857
146
6293 686
465
177 4839
431
6788 8713
309
6443 4818
146
6161 1086
696
7151 55
129
9002 4458
379
1812 3121
727
201 251
449
457 7033
381
6487 8400
349
4421 6698
450
7852 4684
948
1345 3588
513
9794 8605
51
2390 5009
877
101 3463
336
4392 340
738
1789 4215
498
6395 9620
309
9144 7779
701
3825 200
