1
2 76 100
10
38 29 47
18 13 19
30 31 91
78 92 92
83 1 78
58 88 5
32 82 25
34 47 50
44 49 72
97 24 71
22
100 78 70
17 90 40
98 72 31
27 15 22
9 15 99
19 54 55
50 36 80
84 82 29
79 30 100
28 5 23
5 27 84
46 66 83
18 48 51
84 69 100
99 20 79
52 26 87
87 5 5
20 86 7
1 37 90
58 59 20
84 95 47
1 29 3
11
18 49 32
53 69 83
51 40 61
55 66 48
93 22 4
13 7 62
65 44 3
22 54 23
57 100 69
58 29 24
6 12 24
23
45 26 94
96 66 55
50 31 54
42 52 9
6 11 71
23 6 73
96 59 47
53 11 16
62 39 91
19 50 14
44 95 6
9 49 50
39 54 97
43 63 98
53 85 92
58 57 49
68 56 71
78 23 67
68 13 71
69 26 32
64 31 50
64 32 93
18 81 2
22
34 80 78
38 64 69
95 72 18
15 79 40
92 1 6
12 13 28
80 38 59
95 20 60
59 4 53
76 84 6
7 13 97
22 34 83
45 51 20
24 42 67
24 100 81
37 27 24
74 86 35
46 97 67
49 1 61
84 6 19
96 55 46
29 37 52
23
70 31 56
93 73 22
16 72 54
4 50 78
30 87 12
75 84 30
75 84 91
58 90 61
5 96 7
34 32 10
16 39 35
40 13 4
63 66 48
13 43 63
99 7 67
82 36 96
66 78 22
7 39 96
2 97 5
85 58 9
75 92 94
87 47 62
5 94 1
4
76 47 9
74 5 27
8 93 22
25 70 95
2
46 83 60
6 36 8
6
9 52 20
8 13 94
1 13 33
9 76 37
35 3 35
8 29 40
14
5 54 36
17 95 60
24 92 94
41 50 29
2 1 48
9 13 93
9 77 25
70 5 13
56 7 48
16 35 39
21 22 22
16 33 78
59 26 94
8 54 70
12
63 8 53
71 72 46
32 1 22
53 5 35
8 63 34
75 98 72
96 71 45
63 4 74
21 29 68
29 35 37
88 87 50
12 84 13
3
66 12 58
18 68 44
78 30 77
10
96 4 79
69 99 50
88 13 5
76 34 85
26 14 19
38 53 58
72 16 93
38 27 50
7 46 45
36 76 73
2
19 40 6
40 38 7
21
96 27 3
66 3 36
23 28 1
68 17 53
17 88 69
14 77 47
86 36 93
10 71 20
28 10 25
67 100 32
46 2 94
48 37 89
75 89 7
91 93 81
30 61 48
7 60 17
42 4 30
64 23 67
74 99 76
73 82 56
74 76 74
9
66 62 16
92 50 74
34 42 55
64 55 54
22 14 70
15 69 51
78 43 18
51 41 45
23 75 100
16
96 48 50
14 9 17
5 58 91
91 100 97
6 6 50
27 71 20
93 39 22
70 81 39
73 73 36
47 47 87
95 48 12
55 65 8
13 7 73
64 3 77
21 4 19
91 75 24
12
94 29 97
16 9 87
40 81 22
38 80 9
84 27 72
39 43 31
3 1 3
18 55 32
38 59 2
28 33 26
56 29 27
16 68 73
20
79 96 89
16 75 49
100 54 73
38 96 3
92 49 58
9 3 41
46 61 42
73 94 19
80 74 46
95 41 70
42 82 9
69 30 87
22 2 54
69 57 53
17 66 42
20 58 33
80 99 93
25 18 38
51 15 62
91 36 41
15
77 72 44
45 54 82
66 7 35
86 15 40
3 32 33
22 89 18
53 88 10
30 57 48
80 23 9
22 58 50
46 1 36
51 34 12
57 68 56
24 59 73
55 92 59
3
86 44 9
90 83 70
19 39 17
18
79 50 61
14 24 18
78 69 70
85 19 3
58 27 22
68 2 33
80 57 24
17 52 84
6 86 53
25 24 22
26 36 51
49 5 81
69 26 94
39 80 23
18 1 8
19 85 17
27 8 36
30 43 67
13
88 15 48
64 90 21
42 25 71
90 81 3
11 6 48
49 37 71
66 90 30
85 74 46
63 82 33
93 76 99
7 75 81
97 95 20
73 17 36
27
18 54 19
28 11 67
77 48 89
94 37 18
30 10 63
93 43 95
85 71 45
91 45 77
87 92 96
60 60 83
65 79 59
75 97 29
74 85 8
62 2 84
24 16 30
66 62 59
88 6 51
85 34 35
76 29 26
35 64 64
65 22 23
13 2 87
97 10 14
50 45 39
17 74 1
78 33 24
35 35 41
29
13 68 70
40 49 47
26 12 10
43 85 85
55 39 23
4 48 88
53 92 27
22 18 27
51 50 50
86 36 90
5 5 70
5 51 82
68 13 21
5 97 99
43 71 41
90 59 95
33 85 98
50 63 3
51 12 24
87 53 74
91 23 11
94 56 68
58 29 24
6 27 92
76 67 48
86 13 90
70 63 79
32 65 63
95 40 13
23
49 100 65
92 74 28
37 29 47
94 9 70
51 87 13
26 5 60
64 18 49
33 80 79
17 96 42
63 87 6
62 3 20
87 30 21
16 28 12
76 98 100
63 62 45
67 22 95
36 22 72
67 53 35
62 46 20
100 3 88
3 22 50
32 42 64
60 5 50
27
93 9 4
7 70 48
25 43 94
61 17 18
27 21 52
41 18 23
40 20 10
42 41 12
26 83 75
85 87 24
45 43 93
66 42 37
61 36 43
29 53 19
49 56 79
66 79 58
37 40 98
77 51 37
11 25 79
98 1 4
40 45 40
33 81 36
68 75 1
72 93 61
80 24 89
10 81 89
49 30 6
12
19 100 66
29 76 96
78 28 51
69 72 90
2 4 77
21 30 78
93 75 90
24 50 79
33 30 19
81 11 25
32 76 66
60 24 36
25
94 39 74
63 11 16
16 66 92
36 96 21
80 22 11
3 71 41
35 52 59
68 62 83
51 89 1
10 12 36
49 38 100
11 53 46
28 96 8
75 17 23
96 27 10
66 19 90
17 77 92
78 60 27
19 60 46
30 95 96
67 47 6
71 92 6
19 51 68
35 25 95
13 34 70
27
83 31 75
51 59 67
81 70 45
99 29 90
80 76 85
47 74 42
69 17 99
87 19 66
73 95 13
37 80 34
19 55 50
78 21 32
47 65 35
28 54 15
55 90 13
80 32 44
48 82 90
66 48 11
60 12 49
91 45 74
45 94 10
65 26 81
81 12 58
86 26 56
76 90 83
59 33 37
40 75 68
5
80 39 37
91 50 85
82 94 58
26 88 20
43 65 100
9
64 23 76
47 61 53
35 36 94
55 46 26
69 85 52
1 76 88
43 25 25
24 19 34
2 58 53
4
64 96 22
28 70 49
26 30 53
12 65 46
13
75 66 10
14 35 47
38 87 22
72 29 98
76 5 16
32 6 25
95 53 98
22 22 46
99 52 98
11 68 95
28 78 18
14 76 92
100 49 57
25
18 29 46
45 33 14
76 90 38
71 42 36
44 63 33
43 66 83
5 34 77
32 63 94
46 38 37
97 38 94
25 83 40
9 96 9
50 86 53
91 73 29
6 5 51
71 39 94
4 16 88
66 61 92
55 50 76
92 95 21
75 86 17
22 94 94
59 46 54
31 26 4
88 28 46
11
74 78 22
77 45 61
95 6 5
49 7 80
93 53 100
19 38 68
92 31 13
51 28 67
33 6 70
72 33 15
50 6 18
11
19 94 67
13 51 23
14 57 2
6 9 53
24 46 20
67 28 33
17 8 51
50 65 20
21 97 86
70 55 3
16 73 45
4
76 66 95
41 23 96
46 83 48
21 81 19
23
53 88 8
24 56 67
62 57 31
16 30 80
61 99 34
24 66 6
51 32 100
92 54 47
89 88 94
62 68 12
1 28 67
56 94 19
65 25 95
94 4 56
44 89 71
10 94 83
41 45 6
46 91 9
33 36 52
1 47 40
28 65 53
73 84 5
97 30 61
27
70 52 85
13 92 7
22 85 90
14 81 47
59 71 7
92 6 58
44 5 50
71 69 2
43 4 7
92 33 19
95 69 95
87 28 16
23 17 28
4 15 2
26 22 15
84 31 26
88 80 17
8 34 12
12 40 34
96 10 28
65 56 71
92 71 18
60 50 4
26 51 78
47 18 33
78 43 11
9 11 94
21
40 42 22
51 81 55
47 42 34
63 97 5
54 19 22
65 69 77
90 19 6
89 88 39
18 30 49
26 40 94
68 13 26
100 19 65
42 53 68
90 57 66
61 30 28
29 6 33
99 11 97
87 1 38
68 1 26
8 94 43
20 19 69
6
87 91 84
80 43 51
70 51 16
30 80 95
10 85 27
60 47 75
2
90 46 48
32 14 48
4
12 52 73
95 39 44
97 26 34
64 5 28
8
57 58 26
93 84 7
40 10 16
39 22 28
38 11 25
31 94 38
95 46 62
41 84 58
3
71 38 9
48 1 66
57 11 91
28
65 49 94
92 40 56
17 30 77
6 20 39
20 2 32
77 96 77
71 37 61
41 26 21
41 78 86
97 88 29
97 34 26
37 89 42
18 17 86
37 55 54
39 86 11
86 15 30
22 27 58
99 99 29
77 85 21
16 13 61
49 90 57
89 83 54
5 68 42
11 73 11
97 84 100
63 13 90
89 23 75
87 51 49
27
75 23 71
91 87 32
39 28 40
80 11 45
84 30 38
95 55 49
43 38 48
5 2 37
45 24 63
83 74 11
6 97 10
44 80 84
72 71 74
34 16 65
15 53 44
69 53 79
6 52 73
8 40 67
31 3 23
57 65 19
5 74 2
36 58 59
6 31 2
21 95 25
26 38 58
30 69 25
82 93 93
21
58 21 60
40 75 34
48 40 53
4 13 6
39 70 64
45 53 17
17 47 42
42 37 51
72 5 75
5 97 20
77 8 70
52 42 79
91 46 70
55 51 18
25 14 73
29 82 12
75 23 56
63 26 24
67 100 66
16 19 89
23 40 45
11
72 16 18
14 61 88
69 11 57
45 76 29
73 58 92
99 32 47
62 57 71
80 9 88
95 79 28
70 19 24
85 36 44
8
81 98 75
1 60 83
45 36 12
69 45 55
68 76 2
29 85 24
60 93 63
55 71 42
5
60 76 89
27 12 77
60 9 3
60 69 86
57 56 49
23
56 25 100
31 44 27
93 72 11
86 84 3
50 38 74
10 65 14
88 76 42
47 37 45
7 57 82
63 12 30
39 11 84
83 37 40
6 100 70
89 2 15
78 27 100
42 41 2
70 34 63
6 78 50
62 59 97
73 40 55
35 24 17
23 15 55
22 36 89
25
83 76 50
61 2 2
2 94 55
71 28 17
28 5 66
89 16 14
13 55 68
99 30 36
74 44 43
47 32 31
22 33 25
76 34 8
69 88 20
48 56 73
53 74 96
20 87 23
26 7 64
56 42 28
51 84 27
34 67 52
67 91 50
100 50 72
40 69 99
47 94 19
20 89 67
11
90 59 11
67 65 74
74 58 2
25 42 80
58 60 83
76 2 32
76 52 55
67 72 53
13 65 72
85 5 90
43 16 60
11
67 7 41
41 64 42
17 57 73
26 16 55
2 70 39
29 21 93
47 44 46
11 61 69
95 65 10
37 32 69
95 73 69
7
27 59 66
95 67 39
21 35 45
74 4 83
2 76 76
100 71 73
10 83 93
22
22 5 48
90 93 31
28 88 3
55 98 69
49 64 59
21 50 55
94 53 38
47 80 65
46 51 89
56 33 81
12 32 34
4 15 55
91 17 96
40 37 23
56 47 29
5 2 30
10 91 50
89 7 96
91 95 94
76 27 92
59 12 99
73 66 10
5
8 42 13
47 30 87
2 77 16
7 30 97
68 72 98
15
39 56 78
82 99 72
80 74 50
41 32 61
5 57 78
64 98 42
11 79 28
64 55 95
70 36 91
89 7 89
45 36 33
95 59 23
68 8 4
51 20 83
59 97 75
20
43 56 38
5 35 18
69 41 12
90 29 3
79 87 43
75 23 27
69 81 50
36 41 53
38 60 88
97 57 62
4 46 93
90 63 36
83 27 92
11 29 60
49 23 50
71 49 80
4 98 54
44 3 22
3 42 9
11 3 46
24
50 9 96
39 71 83
73 49 74
35 77 86
84 51 87
54 100 66
57 49 19
100 3 40
55 44 100
17 47 97
25 94 91
48 28 92
96 53 30
25 38 55
75 24 89
26 89 72
75 59 26
77 50 34
21 49 86
19 46 40
64 88 56
91 79 33
43 60 80
33 14 75
1
26 56 3
26
51 51 97
37 77 55
22 6 5
13 26 53
20 96 50
52 59 37
83 1 67
10 95 27
60 27 92
37 83 94
88 79 20
16 85 22
21 89 10
98 94 31
93 43 43
3 32 15
55 98 66
50 24 1
76 68 10
58 61 69
88 32 6
73 6 45
13 15 60
6 98 33
1 92 30
32 6 23
7
32 29 24
33 5 24
8 72 33
18 84 53
5 68 10
29 25 6
94 39 18
10
79 99 88
53 99 80
82 82 85
13 11 8
45 15 31
4 38 15
21 21 68
78 40 29
58 64 35
51 55 52
11
31 2 42
84 100 21
65 82 6
29 44 65
25 10 48
80 47 62
1 19 81
78 59 10
35 22 96
38 76 99
39 18 51
21
16 90 38
80 71 95
60 66 12
36 75 59
16 21 72
16 40 53
45 98 14
31 71 9
68 47 7
58 64 57
48 53 89
70 100 5
36 11 36
10 21 96
83 92 83
74 96 98
23 61 65
93 21 61
91 79 92
6 87 11
59 76 69
8
37 10 80
72 72 15
34 92 62
68 35 97
41 83 94
15 43 11
59 16 71
50 94 14
17
45 55 81
64 65 56
100 74 87
72 97 53
57 40 15
24 75 63
16 9 56
30 3 66
40 18 89
89 12 2
96 92 78
60 99 74
86 85 37
34 37 37
74 3 60
100 65 16
8 73 91
28
39 10 90
78 80 78
19 91 80
14 34 9
25 32 83
62 16 71
96 4 7
69 7 18
68 23 85
27 95 27
36 85 84
67 14 22
57 45 100
42 54 18
73 88 83
40 10 7
96 69 69
54 86 16
76 23 36
23 49 3
59 33 29
72 54 16
69 5 83
74 74 91
61 56 33
22 63 57
90 83 49
76 50 44
7
24 50 85
46 98 87
56 82 67
28 36 34
48 92 16
21 66 59
33 21 91
19
47 54 35
42 44 69
90 71 18
14 20 2
11 69 40
67 51 58
46 38 92
93 29 59
65 94 17
97 67 59
50 53 58
45 22 56
67 91 98
86 45 39
55 36 52
57 94 15
94 37 33
22 95 78
68 64 22
16
34 86 74
35 38 83
80 11 39
46 54 88
84 98 26
90 33 30
46 78 44
39 14 76
12 61 5
79 24 78
64 97 15
54 80 48
16 70 82
69 9 13
66 86 11
51 15 94
5
80 28 10
70 94 37
81 54 41
12 29 70
27 25 84
11
65 32 56
29 48 77
39 16 85
84 34 71
70 84 37
1 63 47
70 8 83
3 61 76
66 89 45
92 66 29
24 73 11
27
56 71 2
46 38 86
82 71 8
51 6 45
52 21 43
73 28 77
27 41 52
92 81 49
36 98 29
59 71 91
81 24 18
18 9 25
41 69 22
46 65 3
18 7 6
46 83 9
86 87 33
66 87 60
16 15 3
86 57 38
61 74 48
21 50 80
89 24 50
53 26 90
11 83 87
94 91 5
32 24 2
17
4 18 35
19 84 37
56 40 27
16 66 26
89 67 6
77 90 55
82 16 96
92 50 82
37 41 38
68 16 39
37 2 77
20 38 33
60 16 3
77 42 11
43 47 78
33 53 66
100 48 43
26
67 49 81
4 41 71
23 56 61
60 57 90
31 47 22
42 14 76
18 55 86
61 53 16
93 5 81
92 4 75
92 37 50
33 7 69
40 19 24
97 8 46
95 81 57
8 57 40
15 94 81
67 61 99
24 42 59
79 68 3
15 70 46
73 90 37
44 13 69
51 10 9
84 19 57
92 58 3
22
76 37 38
95 98 88
70 91 46
100 58 100
15 79 45
39 68 82
34 80 2
85 42 62
20 60 18
11 17 72
47 6 34
44 94 61
34 91 7
44 91 76
74 87 76
42 20 42
73 22 32
14 35 66
25 5 2
41 76 21
99 9 31
92 22 29
13
58 82 28
53 24 56
27 63 31
20 82 24
92 55 7
58 90 72
82 94 25
75 21 97
73 30 27
64 3 8
97 30 32
73 85 89
35 67 94
20
91 68 90
82 75 49
91 64 20
73 9 97
47 29 93
19 10 72
34 12 79
82 94 10
6 30 50
40 97 43
60 38 14
34 86 4
49 58 38
9 54 28
89 46 52
99 17 98
62 47 68
7 56 1
37 58 35
33 52 40
20
91 70 66
24 8 21
24 65 10
32 18 90
20 15 41
70 84 39
84 30 6
90 38 59
78 47 93
10 98 32
32 63 63
91 36 5
55 45 80
24 34 3
90 27 86
73 65 6
55 22 27
44 32 62
90 76 4
87 8 81
13
26 2 22
16 89 79
22 85 58
45 19 61
34 97 46
59 61 3
65 34 82
8 18 43
49 93 46
87 52 27
40 74 21
28 52 46
13 9 61
24
30 83 21
15 79 67
73 91 21
37 76 2
96 93 45
96 86 42
83 37 20
22 62 40
2 65 85
14 74 97
48 46 30
78 64 59
68 85 74
43 38 98
88 82 87
73 76 34
9 95 30
23 35 12
87 71 85
12 68 38
58 49 3
21 60 50
57 85 27
95 34 46
21
28 28 20
52 3 54
12 98 35
34 32 98
21 2 82
32 21 72
89 22 74
62 81 24
70 17 2
64 50 100
44 70 40
46 75 19
95 9 22
78 6 33
32 39 67
4 10 39
25 84 70
5 59 11
73 12 24
23 11 93
44 2 57
2
97 18 20
44 78 41
6
92 21 35
30 4 25
51 8 87
61 32 22
84 89 80
29 61 43
14
55 85 35
27 88 78
19 36 95
44 79 24
87 52 58
68 55 35
71 14 21
83 46 42
19 86 73
47 46 15
83 81 20
70 10 75
5 57 53
36 80 23
29
57 87 90
25 93 24
47 7 96
29 4 37
99 89 61
45 34 27
27 66 47
48 28 73
5 84 25
40 63 99
78 4 17
70 79 74
76 74 50
31 62 96
19 74 76
5 1 75
22 47 71
49 19 50
32 95 97
47 93 1
50 62 92
81 35 69
6 36 39
20 83 66
93 10 97
93 84 15
91 55 71
61 56 93
55 52 41
13
19 100 5
20 61 96
100 95 65
6 82 55
25 64 72
69 73 68
14 9 35
4 15 5
65 70 49
19 73 90
18 77 62
30 73 32
24 89 51
13
8 57 43
84 20 14
52 45 34
17 5 20
21 19 76
85 40 25
55 12 66
25 89 27
54 13 58
30 1 60
38 95 62
10 60 21
54 93 56
28
76 58 64
96 28 92
32 67 68
39 78 33
63 66 11
68 78 20
49 30 79
87 24 41
96 84 13
1 28 69
58 44 28
37 35 3
3 54 99
32 86 82
50 48 20
79 67 34
9 45 2
84 37 2
67 2 88
47 70 83
90 49 83
76 51 92
81 1 80
18 83 34
65 2 66
31 88 67
27 89 45
16 90 5
29
7 17 30
5 38 12
46 86 47
21 88 90
53 89 70
70 23 3
34 76 20
16 63 86
95 3 83
10 45 87
78 74 27
67 37 86
4 35 42
91 25 88
79 94 60
53 48 13
29 68 82
91 5 16
94 87 83
38 74 77
63 52 38
99 89 67
34 31 33
10 18 36
55 77 79
2 41 9
21 23 62
26 90 90
12 72 80
25
14 37 1
76 41 38
75 29 5
60 11 89
21 80 77
75 57 55
28 49 63
49 71 24
26 12 65
89 84 45
78 36 21
70 73 35
50 29 10
61 70 36
40 46 47
48 52 67
97 14 41
19 90 21
31 6 69
66 50 46
1 23 86
25 57 63
54 66 84
75 54 34
20 100 94
15
33 71 67
81 36 59
99 77 79
29 83 99
94 84 44
94 6 30
71 14 44
24 80 28
50 33 13
69 32 6
91 50 90
78 9 74
7 87 54
89 86 53
24 81 33
27
72 82 62
42 95 6
17 26 85
66 10 97
86 94 54
76 43 95
54 51 69
12 90 74
100 75 78
75 7 11
56 69 89
3 26 60
28 10 2
90 58 18
83 63 36
77 57 21
28 77 97
69 51 2
95 80 65
1 90 64
69 78 90
46 90 98
55 91 100
64 60 79
26 47 20
35 68 2
11 16 79
28
26 13 69
72 93 33
72 34 48
93 64 37
38 53 86
45 95 37
60 54 68
86 53 87
20 20 89
82 35 19
95 55 76
39 87 53
72 86 76
35 74 99
87 60 91
81 96 81
87 63 77
39 2 36
10 90 73
96 60 44
50 87 26
88 39 72
73 66 10
98 64 81
57 7 68
5 87 54
19 63 87
20 50 25
13
72 61 23
19 20 66
68 6 43
7 96 14
31 61 23
28 77 56
37 83 23
93 69 28
11 83 66
83 32 90
95 54 52
67 72 75
72 14 93
12
18 20 80
48 32 54
28 8 9
64 90 83
56 10 63
18 92 28
52 76 18
47 29 69
13 52 96
36 66 40
7 45 52
39 98 21
1
48 98 59
3
55 63 40
83 70 49
100 39 93
18
48 20 91
100 67 37
17 7 1
13 58 88
10 30 95
20 50 85
13 97 82
67 59 73
1 80 74
100 19 66
72 9 85
38 97 84
44 49 83
53 36 51
83 30 63
32 66 25
81 100 44
91 72 8
17
27 71 45
27 41 62
98 49 98
35 97 82
31 45 16
83 32 67
17 14 81
1 79 5
81 78 1
23 2 60
45 98 86
85 12 13
85 9 91
81 42 88
77 58 74
9 76 56
22 8 91
7
7 100 65
39 30 17
14 83 76
58 80 62
43 43 26
27 4 16
8 45 55
10
36 36 54
26 44 81
84 65 89
43 17 53
81 98 21
94 32 96
4 63 9
46 6 86
24 9 53
83 53 7
19
26 19 59
3 62 39
86 79 27
80 47 31
61 96 3
6 27 99
61 89 59
6 94 45
82 54 97
64 59 56
82 17 46
96 55 71
74 34 25
72 16 10
67 19 90
93 69 2
33 27 59
79 23 20
32 20 77
8
22 90 27
55 6 72
50 13 94
75 98 18
98 13 79
64 83 68
8 51 21
41 30 32
13
79 19 52
37 50 23
10 92 49
64 49 20
66 61 65
92 10 82
90 23 61
53 5 80
13 8 1
53 37 84
23 88 86
24 11 64
15 11 52
23
77 16 31
94 28 47
85 38 29
26 60 89
31 16 68
43 75 20
47 11 55
69 51 40
92 61 56
59 71 7
74 53 20
1 52 48
38 80 93
49 68 29
17 87 55
91 59 85
54 13 79
4 5 25
16 60 45
38 18 88
43 89 46
94 88 71
73 80 24
23
14 92 61
30 30 15
72 88 51
25 53 29
28 9 5
95 68 49
33 37 36
75 26 34
68 13 4
92 45 79
83 5 44
64 71 57
4 21 38
56 49 9
64 5 86
83 53 13
19 88 8
44 21 92
9 77 66
5 7 85
9 50 76
79 6 10
99 95 73
26
83 99 56
46 3 41
80 55 5
99 94 12
94 67 55
54 43 20
58 49 56
66 99 31
96 56 92
46 3 65
44 58 40
98 98 23
4 2 20
50 66 100
16 20 50
58 92 95
6 47 1
56 30 58
64 21 76
66 85 71
75 77 17
72 99 12
25 70 62
90 21 65
62 22 14
53 17 29
28
96 51 17
3 80 26
66 53 1
83 37 24
9 13 40
80 63 3
5 85 64
46 5 81
7 27 46
11 95 27
62 63 64
93 88 59
45 41 62
82 64 79
46 55 14
61 57 22
45 73 54
1 53 10
79 50 55
73 76 14
87 40 24
75 50 37
67 63 30
30 94 74
84 7 7
92 80 53
16 33 65
20 94 61
11
92 70 49
16 45 14
3 36 89
29 38 26
95 100 7
24 45 80
59 3 87
2 83 91
18 67 55
37 61 67
58 61 79
10
86 55 26
40 90 14
68 79 91
62 31 97
37 75 77
47 30 15
48 64 5
17 30 11
6 42 29
63 54 7
27
14 17 31
53 59 45
72 89 87
33 19 84
21 46 12
67 75 78
66 38 34
83 19 96
88 13 24
2 66 30
19 97 58
29 93 71
17 31 75
88 66 46
33 29 30
59 6 50
96 39 16
66 34 82
78 9 16
96 39 55
44 96 56
88 19 26
18 93 54
84 39 23
64 68 62
70 70 94
60 85 4
9
16 46 18
94 54 85
89 44 39
32 40 95
71 58 20
88 2 26
23 92 100
87 60 61
8 29 6
19
59 19 65
74 16 35
67 22 19
7 65 58
90 56 4
60 13 23
100 67 100
22 58 99
60 17 59
67 97 64
86 14 72
53 48 30
74 18 56
39 27 22
94 30 81
59 5 70
25 4 30
82 3 29
51 13 2
2
80 99 29
17 12 100
12
37 70 11
10 43 81
90 33 7
12 27 89
93 37 93
21 13 96
74 94 50
35 96 15
15 95 43
31 58 94
52 69 75
95 1 63
15
66 79 7
77 57 95
69 93 87
41 5 35
15 51 36
1 46 50
67 92 44
50 50 38
1 70 64
47 70 27
78 28 3
34 23 68
79 61 97
83 47 17
85 83 58
14
24 31 84
43 74 28
92 23 65
44 44 28
91 65 6
68 93 60
53 15 80
31 75 76
14 74 92
50 56 49
32 91 24
6 70 48
80 86 42
24 66 33
16
18 88 71
37 80 83
90 46 62
20 73 37
85 46 80
87 53 81
18 43 4
23 65 3
55 50 44
30 15 76
17 38 4
49 20 73
46 81 10
18 69 51
63 48 22
67 28 59
15
62 62 32
37 26 86
91 75 30
20 42 57
88 79 60
88 50 85
34 82 94
3 50 96
18 49 17
84 77 75
45 60 71
22 45 33
49 26 21
90 83 63
20 94 82
21
9 21 78
94 2 23
96 3 18
13 51 35
49 79 61
45 38 84
67 35 68
15 60 88
56 94 50
75 88 83
95 65 3
48 88 63
50 5 56
100 91 4
79 4 68
68 87 16
54 54 13
66 93 79
59 42 45
46 76 100
63 78 26
12
19 50 93
68 6 48
67 49 3
97 52 71
17 90 38
70 95 50
35 87 80
46 28 76
91 3 75
5 32 52
6 24 23
64 24 41
30
79 12 26
75 15 48
43 56 38
13 50 39
99 36 19
44 63 46
87 17 21
91 100 24
49 24 47
12 99 39
23 76 99
89 24 77
44 61 51
93 51 94
28 69 58
42 67 8
58 87 52
9 62 90
32 8 32
82 47 80
58 45 91
81 73 13
93 23 1
43 68 96
64 77 88
30 85 15
68 88 8
29 29 65
89 60 26
87 40 57
21
48 83 82
80 55 95
24 77 47
18 97 95
81 25 82
62 61 49
81 100 56
62 28 73
50 40 98
36 79 54
18 60 96
72 6 43
100 5 22
48 99 97
25 32 15
85 80 95
37 36 9
64 8 89
3 5 50
33 10 51
45 6 86
15
78 2 48
78 58 22
77 56 18
1 88 32
38 19 79
74 54 87
37 61 27
92 65 77
76 27 27
20 32 65
22 31 19
79 52 97
87 22 26
26 53 2
44 31 55
2
65 50 69
53 10 96
4
50 96 27
14 72 53
85 91 36
33 64 66
10
91 58 95
43 11 33
26 65 58
46 8 53
93 72 2
16 77 64
66 24 90
31 95 94
67 38 29
99 53 46
25
5 8 47
100 19 79
77 83 88
74 91 41
67 14 94
82 42 57
99 66 98
82 12 91
48 49 71
99 2 69
6 100 83
24 79 40
59 18 39
1 10 67
66 4 40
60 12 6
25 10 40
88 52 38
37 75 19
90 43 19
89 77 69
67 16 74
37 6 50
46 72 60
1 12 12
7
36 13 69
12 74 8
100 25 98
88 51 16
77 93 86
65 70 54
84 37 80
11
40 20 43
51 17 14
79 18 77
15 82 98
78 55 57
29 79 54
16 82 22
44 74 7
9 95 13
44 32 44
63 26 24
3
65 31 91
43 48 20
9 29 17
23
79 39 35
100 67 66
58 35 47
22 78 72
65 86 67
88 81 50
2 43 27
18 26 17
13 73 36
21 54 4
11 88 29
78 53 7
64 51 58
41 23 15
79 41 89
59 42 53
54 68 93
79 36 94
3 72 64
8 27 76
96 7 48
100 65 59
3 22 88
11
91 25 89
69 65 77
80 58 81
33 25 73
11 60 67
65 83 30
73 62 57
20 68 4
19 33 62
73 6 49
97 46 99
22
62 13 22
41 70 3
73 94 27
35 6 45
100 40 74
24 1 30
43 69 86
13 53 47
86 58 96
82 56 46
95 77 87
16 31 49
62 10 89
67 54 14
6 80 100
59 61 51
27 46 74
31 93 16
40 88 29
95 85 14
24 72 47
6 20 41
19
70 15 60
88 69 25
93 48 25
3 8 27
81 54 1
11 98 68
51 37 96
97 21 61
20 92 8
78 63 100
92 75 8
12 51 77
11 27 64
71 54 9
24 6 63
73 73 44
9 21 54
29 81 56
73 88 53
4
1 87 88
45 61 47
56 12 76
67 38 91
29
62 37 43
5 12 48
10 84 21
66 44 41
70 72 21
93 96 61
46 83 100
90 95 46
45 58 21
63 48 12
51 90 62
14 38 75
97 10 31
92 50 93
16 22 58
11 34 79
45 33 71
40 31 16
97 3 57
44 66 2
86 28 16
23 54 67
32 37 80
33 29 29
6 38 72
92 16 87
24 38 98
6 54 42
9 10 33
12
25 26 63
62 53 31
84 59 97
67 95 28
51 23 8
9 12 80
100 27 66
75 64 15
81 69 9
41 31 41
66 45 22
71 75 99
30
96 81 23
14 27 3
17 1 10
25 12 41
24 38 59
50 1 73
82 22 81
74 52 74
92 96 95
62 71 93
94 45 5
20 47 100
20 57 65
31 49 81
20 7 5
72 80 80
93 12 30
44 85 63
92 80 37
14 24 28
58 80 41
5 31 34
61 96 5
9 76 24
16 33 6
47 64 77
58 45 48
95 8 41
74 44 36
49 23 27
30
98 29 63
2 59 48
14 6 52
74 82 27
41 66 84
39 29 60
49 74 7
43 81 99
68 76 35
16 98 13
96 12 53
7 59 2
12 62 55
45 40 20
10 23 45
91 82 86
64 40 76
96 39 24
23 25 66
72 37 85
83 41 53
93 94 48
6 48 6
45 19 70
67 64 14
100 1 76
39 76 18
29 52 33
53 69 28
42 54 2
23
7 82 6
51 28 5
56 75 11
52 46 80
18 9 45
69 61 72
59 88 89
88 39 21
92 8 100
85 61 53
19 66 77
46 22 83
72 32 85
17 63 92
77 60 43
37 83 60
25 72 28
63 44 87
70 96 26
82 48 69
99 25 54
21 59 72
4 96 69
20
57 19 87
85 78 30
22 60 89
98 83 69
60 79 7
82 74 84
15 73 52
14 49 57
86 60 80
89 55 48
7 41 88
36 70 96
48 11 80
30 31 1
60 89 50
85 72 10
58 75 43
58 32 9
17 11 22
71 59 59
8
6 64 98
94 85 93
41 95 24
22 77 77
34 65 26
18 36 87
75 11 29
33 94 38
11
70 1 4
69 24 14
26 87 11
71 71 55
63 18 79
37 94 55
70 11 80
87 98 67
62 60 47
46 53 36
98 9 47
8
88 21 22
13 59 85
84 30 39
98 99 17
34 44 23
3 54 3
90 52 21
3 11 67
13
1 100 16
68 97 24
55 70 45
19 28 29
54 9 20
52 7 88
85 3 11
88 8 65
29 59 37
83 22 3
82 37 57
30 12 57
99 56 76
12
1 79 37
6 87 8
57 46 95
94 48 57
33 7 73
61 18 9
43 39 12
76 27 20
5 90 29
56 45 4
34 33 86
72 92 38
13
52 17 87
45 16 95
29 23 68
89 40 76
83 30 39
10 8 11
66 97 39
21 93 42
6 78 79
78 69 68
46 7 63
62 2 14
36 21 10
10
30 75 48
12 56 39
73 63 49
38 59 87
11 3 80
68 80 11
45 49 78
91 55 92
4 8 57
39 28 18
17
36 65 76
99 20 66
71 82 14
61 92 52
71 94 83
38 74 93
35 22 23
77 28 14
80 36 71
18 63 88
82 90 47
1 55 82
34 20 81
25 71 3
70 54 63
43 98 85
16 20 75
21
37 44 34
16 31 56
85 45 95
18 35 41
70 41 75
3 61 7
79 83 9
48 36 24
43 34 8
10 5 34
5 90 94
35 97 30
80 44 97
66 36 81
58 10 98
70 16 19
53 25 73
40 48 51
25 7 51
30 41 45
71 34 54
19
45 68 16
76 11 12
41 46 45
51 56 94
20 23 13
72 99 85
64 98 88
88 5 38
69 97 82
40 82 87
59 49 45
69 61 42
66 5 17
73 50 58
96 62 8
94 47 79
44 86 51
100 23 14
48 56 53
22
13 29 42
23 78 39
91 90 80
8 46 96
81 95 5
76 9 64
21 7 43
16 92 93
15 14 58
62 69 62
43 62 35
72 100 47
61 31 69
58 27 11
52 31 19
12 47 99
18 89 26
9 33 98
22 90 14
42 3 28
56 38 42
55 36 84
15
15 86 57
24 64 19
27 46 37
39 92 87
56 80 64
65 64 14
38 53 27
32 8 6
87 45 47
41 32 30
78 88 36
93 7 2
39 95 25
82 34 52
62 49 42
27
13 25 62
51 30 88
82 89 46
68 33 44
60 64 74
90 4 9
82 10 11
72 56 87
54 89 38
67 38 79
43 99 28
24 39 40
12 36 90
96 79 23
60 4 90
15 65 2
24 75 91
79 13 24
20 3 48
57 33 1
7 60 19
97 52 13
32 41 37
11 16 100
14 5 96
78 58 7
4 100 21
26
26 69 24
45 71 71
53 3 23
12 15 93
8 66 5
40 58 93
2 73 93
67 30 88
97 87 46
52 87 66
20 10 61
90 32 86
45 6 83
59 98 35
24 54 46
81 47 6
54 39 97
83 78 98
69 23 16
7 40 12
68 100 64
99 37 35
56 19 25
5 6 69
59 3 79
5 8 2
12
35 95 4
69 72 53
90 46 69
96 85 80
64 36 95
14 24 30
70 95 6
26 100 26
84 2 4
40 62 5
86 65 38
9 18 25
13
82 54 86
30 38 17
93 25 64
58 49 93
27 43 50
5 42 75
88 95 78
80 56 34
65 73 71
74 90 95
79 27 40
17 43 73
93 6 2
26
4 41 50
82 83 99
86 76 25
74 71 54
5 78 87
69 50 10
94 39 56
73 65 95
41 60 20
33 65 21
74 67 67
8 65 70
84 90 51
6 43 89
83 82 62
85 91 18
75 98 86
92 93 32
51 12 4
67 84 96
33 2 28
50 23 53
91 26 61
85 14 96
66 27 1
8 44 35
11
46 6 81
37 50 12
39 13 67
5 96 62
90 50 42
39 72 46
29 97 58
13 10 53
31 36 5
38 79 92
95 60 62
29
95 44 71
85 8 90
42 56 51
31 5 44
21 76 90
1 73 47
65 82 100
95 18 56
85 48 47
31 7 61
27 30 19
34 19 66
89 21 50
93 65 91
69 54 73
41 100 93
74 99 93
43 7 58
91 53 4
49 13 40
78 84 71
96 49 97
17 98 30
81 41 19
86 13 63
85 6 83
36 50 23
42 7 49
46 63 91
13
82 59 2
59 42 72
7 42 20
75 39 50
7 31 20
92 44 82
76 49 65
11 50 39
52 9 39
50 71 82
8 24 14
1 96 95
42 15 6
22
86 32 16
92 63 87
83 58 21
10 58 85
21 7 75
24 15 66
73 85 47
32 9 60
84 56 7
77 22 12
61 90 23
23 76 60
32 96 3
89 32 37
95 59 46
62 24 18
46 70 94
6 81 18
13 87 50
87 98 85
76 72 62
3 31 22
16
79 51 33
67 82 69
13 92 67
74 67 84
20 88 29
77 69 47
42 7 48
28 5 32
55 28 45
9 59 18
59 43 65
93 64 43
36 30 9
3 65 22
90 94 95
10 40 66
25
36 17 87
15 73 70
21 100 15
81 10 32
40 53 49
84 68 91
19 49 100
73 65 21
15 58 67
24 49 33
92 87 79
16 57 14
68 23 80
77 6 52
81 54 32
100 45 23
48 96 6
13 68 77
22 34 1
71 18 15
9 96 91
17 61 34
91 92 50
97 43 17
2 75 45
28
77 98 97
25 93 55
89 12 83
10 46 83
32 15 98
93 63 40
9 23 73
100 67 74
48 9 42
1 35 87
99 84 64
43 38 92
7 72 68
4 54 56
18 3 18
80 42 49
55 67 93
21 40 2
81 82 53
16 20 100
99 35 52
88 26 2
59 94 97
12 1 3
67 18 6
60 19 23
26 11 55
66 12 61
1
13 99 16
7
19 28 18
20 78 4
16 65 29
18 23 74
23 87 75
98 5 92
4 64 10
3
84 64 90
52 44 7
18 56 57
16
29 36 36
9 8 13
83 75 78
57 45 52
100 19 90
10 16 94
82 19 10
17 82 51
20 77 57
38 85 65
25 72 90
32 84 18
7 13 26
3 17 60
21 58 16
37 4 16
17
10 7 13
78 41 63
98 17 19
35 53 35
59 24 24
43 60 93
1 24 18
3 40 78
23 98 45
11 1 12
18 65 88
58 27 97
26 97 27
31 31 24
6 54 10
65 46 68
89 15 62
2
16 80 44
39 29 41
12
40 49 81
88 18 45
14 75 71
37 53 19
98 83 49
66 88 54
79 5 51
41 45 66
56 24 61
46 5 1
95 85 5
12 82 44
13
97 39 52
85 91 71
83 25 71
100 12 25
78 16 75
70 12 92
78 36 5
23 92 57
69 76 61
33 57 56
23 61 39
13 83 87
37 53 23
27
56 100 29
86 68 56
7 79 47
84 66 3
59 57 60
79 85 20
11 93 76
33 5 66
97 39 52
85 92 74
37 72 31
4 27 38
34 26 75
52 28 82
8 39 17
44 59 75
89 86 54
93 3 16
32 54 49
75 79 97
98 61 82
25 99 18
2 25 73
81 6 6
20 23 57
30 49 17
67 2 12
10
93 69 18
76 22 18
50 52 14
47 13 47
23 63 16
76 87 88
57 45 46
76 67 54
57 15 22
23 69 34
13
77 91 38
52 64 7
53 15 20
52 79 19
74 41 34
50 80 74
58 24 19
85 42 24
41 56 46
15 76 79
57 65 63
20 71 92
86 43 95
18
51 17 61
76 9 46
77 88 19
34 63 89
18 4 13
10 12 58
24 87 88
80 52 2
51 74 93
89 16 88
5 76 87
65 22 37
53 92 12
67 81 41
71 93 74
82 2 44
20 41 53
23 42 29
10
63 97 87
51 12 26
7 40 12
71 13 100
75 4 63
42 36 3
64 80 77
97 81 20
16 73 24
91 67 52
4
26 39 53
76 2 78
34 41 41
56 5 40
12
5 31 61
33 24 96
4 39 76
27 35 8
31 2 81
94 92 99
71 82 51
98 84 80
31 76 20
86 81 59
68 41 12
43 88 68
20
3 81 63
82 15 23
64 17 55
9 60 53
79 42 55
76 25 34
6 52 53
43 32 63
63 24 74
5 12 42
86 26 93
100 48 96
68 54 29
28 6 92
21 12 100
97 45 78
48 49 5
80 63 62
55 89 4
66 30 66
13
8 44 74
59 91 21
79 97 49
6 54 40
78 66 91
74 62 20
21 11 24
52 73 37
7 61 93
24 42 10
67 68 32
10 88 39
6 37 50
28
85 59 28
62 76 71
87 38 90
7 100 66
11 24 2
17 37 94
40 30 4
59 97 35
68 85 26
73 73 27
83 52 54
11 22 90
48 12 51
99 29 89
74 30 95
10 24 57
40 79 73
88 65 65
24 42 23
96 68 42
100 21 66
21 62 48
84 12 58
12 52 57
42 47 7
17 55 81
47 80 90
11 44 81
11
44 53 18
92 20 59
91 93 24
11 54 23
95 18 33
58 69 41
99 67 48
67 22 80
13 1 21
76 96 54
80 65 74
7
8 99 75
98 43 50
61 49 72
55 18 56
12 38 97
63 5 96
81 78 75
17
100 94 30
73 21 77
90 100 41
49 50 67
99 93 16
59 93 87
13 10 43
76 47 91
90 3 38
71 32 64
16 13 10
36 89 10
87 81 34
36 47 75
80 14 24
72 1 22
33 95 80
14
71 32 37
61 86 74
31 70 37
98 82 98
85 23 7
71 55 93
6 54 67
38 67 42
9 19 63
94 65 94
77 1 89
62 26 60
83 14 72
65 12 54
1
35 39 70
2
81 5 93
22 62 98
15
35 37 99
100 82 60
52 23 53
78 82 81
43 5 42
6 58 25
76 8 41
89 94 31
21 50 75
43 11 73
31 10 89
64 21 23
86 73 22
19 5 26
23 46 55
27
3 80 22
30 39 14
70 84 96
91 33 71
85 44 43
15 5 83
78 25 5
16 49 79
34 53 4
57 50 10
88 24 6
79 89 60
62 85 41
95 55 11
90 49 1
46 31 37
22 87 51
70 65 80
74 20 95
75 29 29
50 87 37
39 98 24
23 39 2
29 1 16
77 53 10
59 89 51
45 91 96
29
90 10 70
63 81 17
89 62 97
39 100 33
77 97 8
51 87 62
79 87 77
7 91 38
65 79 88
9 69 35
70 91 3
51 59 92
64 55 6
63 39 46
59 98 84
98 59 60
36 35 62
27 72 40
5 11 98
26 45 62
68 99 71
26 42 40
32 47 42
22 93 5
19 28 67
78 40 78
64 1 75
88 93 62
98 90 88
25
22 43 52
89 93 74
66 35 65
97 33 7
70 77 63
88 5 30
17 96 59
33 96 85
20 40 46
17 30 86
11 33 82
4 6 3
38 70 43
22 28 8
99 91 56
55 72 25
50 30 64
45 14 33
85 11 65
66 96 84
98 77 100
55 31 11
76 73 66
4 32 3
46 87 24
14
28 17 63
77 46 79
74 11 11
10 21 27
75 17 10
24 45 61
30 76 23
5 48 88
60 80 42
5 18 18
21 33 91
18 11 19
28 73 47
49 99 72
21
7 17 60
30 61 20
59 88 43
16 36 82
75 67 24
80 36 41
52 20 83
70 30 53
49 54 100
49 4 71
17 63 52
78 83 10
65 77 40
52 58 50
70 81 17
6 73 92
25 56 23
7 8 26
12 7 47
16 30 96
78 33 96
13
42 12 42
58 88 33
10 46 35
79 78 51
36 51 94
13 6 16
71 13 94
34 72 40
49 53 87
79 85 83
90 78 47
78 11 88
75 45 45
26
37 52 47
24 54 41
36 59 8
58 24 1
92 95 93
92 47 79
70 83 13
12 60 59
89 70 98
15 66 43
18 65 100
72 5 36
30 64 60
53 65 47
99 9 57
97 87 48
79 52 91
39 62 61
60 60 72
78 54 12
42 53 78
46 41 95
9 100 66
25 98 48
33 54 100
72 53 51
7
26 75 44
16 36 4
27 95 27
4 100 38
45 53 67
42 45 61
3 44 27
14
25 79 93
27 64 47
74 87 99
51 61 42
18 96 97
44 43 23
48 94 12
44 98 78
86 42 39
40 37 17
18 30 42
81 76 18
67 74 45
79 68 18
30
37 27 64
80 21 87
79 14 50
23 12 28
60 53 18
51 42 86
68 71 27
1 46 44
19 71 88
50 90 57
76 54 76
96 92 12
9 93 44
72 20 74
77 89 48
18 74 7
88 100 9
85 96 29
7 83 29
97 40 99
2 67 48
93 31 75
85 74 70
57 99 31
45 47 54
71 5 30
22 14 47
17 42 86
100 22 70
91 72 29
5
26 57 72
70 87 46
54 12 68
62 11 50
59 57 3
15
31 29 61
69 50 26
90 67 67
18 18 40
42 8 12
19 16 83
88 3 80
94 66 99
55 28 48
65 36 51
93 49 87
95 74 69
13 93 37
30 32 27
89 43 96
20
8 4 77
48 58 9
41 76 7
47 3 55
12 39 57
56 87 43
50 60 11
62 52 100
43 36 78
31 30 73
87 7 14
96 15 22
71 73 21
26 27 13
64 35 59
2 29 22
13 40 78
17 91 79
52 68 93
81 40 35
18
56 39 54
51 5 27
74 78 99
51 56 11
14 43 21
67 71 43
79 62 72
95 52 2
98 19 94
31 11 81
69 16 98
74 94 5
3 92 55
10 54 80
52 74 30
23 68 95
36 91 13
88 93 92
18
88 58 86
18 68 66
86 83 15
11 28 19
65 19 26
75 72 57
78 98 39
52 65 33
88 56 98
27 100 41
84 85 78
52 3 17
86 69 34
66 88 72
84 13 82
8 21 99
57 59 25
21 44 2
24
93 28 41
19 79 81
2 16 10
5 18 27
91 86 60
8 25 83
91 89 65
50 10 15
6 68 39
79 11 40
58 51 45
37 83 37
4 93 55
21 19 57
58 30 61
35 13 3
23 29 10
32 43 53
100 33 54
62 72 12
65 17 90
47 53 99
39 60 87
9 16 90
12
20 91 28
54 55 83
28 35 44
60 29 96
11 61 2
24 84 13
88 100 54
35 5 52
73 64 39
34 31 80
76 10 42
30 92 13
28
45 64 36
56 44 83
66 4 84
90 87 48
77 39 1
63 95 53
88 58 43
21 40 22
96 49 63
77 41 75
40 28 92
83 62 89
38 98 44
24 45 62
14 46 3
8 98 31
17 92 94
56 13 81
57 28 1
49 2 48
76 46 24
89 86 15
86 29 49
31 42 86
76 44 61
25 75 75
16 20 34
28 100 51
8
14 7 52
62 61 51
89 6 74
78 43 40
63 23 88
93 65 25
20 60 85
44 86 11
5
47 59 5
4 39 56
18 45 59
31 5 9
20 62 34
3
60 49 56
84 11 79
21 56 43
12
88 31 75
44 27 19
100 73 29
58 77 19
67 46 16
100 76 20
25 47 34
36 95 89
20 58 67
92 13 61
74 39 15
53 9 2
27
96 25 38
54 53 8
72 98 23
23 26 43
47 24 28
83 19 68
54 28 87
97 92 47
70 30 61
22 39 14
99 28 11
51 35 6
1 58 11
78 52 34
1 31 57
71 98 55
98 84 89
41 31 42
71 43 90
61 57 60
88 19 33
74 76 31
31 87 34
34 72 86
64 80 15
62 35 15
45 23 38
7
28 27 17
98 22 6
58 78 17
97 48 2
70 23 32
53 61 17
86 33 54
18
35 50 12
72 63 98
58 59 73
85 86 89
34 7 46
43 36 15
91 83 16
61 57 99
13 18 16
50 50 21
51 13 89
13 11 23
72 83 94
9 23 3
67 68 40
54 82 25
88 97 68
44 48 10
10
34 61 63
36 62 83
86 75 23
99 85 45
70 19 90
30 41 45
96 60 84
49 94 60
36 42 27
79 89 89
8
44 92 51
79 53 86
64 79 60
14 15 5
83 33 46
64 25 90
59 85 25
59 78 85
3
51 94 19
61 25 8
4 16 10
7
7 34 20
63 49 99
60 63 13
50 97 46
26 61 22
10 19 6
25 78 35
14
13 75 23
74 35 99
21 90 66
79 75 86
41 24 84
100 86 48
1 34 93
27 94 67
88 65 72
12 94 7
39 68 12
73 67 24
15 32 49
89 17 69
17
39 64 52
91 1 100
43 35 44
21 28 10
9 44 34
72 89 92
10 57 3
35 23 78
1 6 26
89 75 47
5 26 45
5 77 84
39 73 26
19 82 68
14 67 89
3 58 49
59 60 72
24
68 33 89
68 90 67
8 64 13
64 42 57
69 18 40
7 42 17
25 76 85
39 42 25
93 100 25
51 11 96
35 100 29
24 66 48
40 78 67
81 86 27
50 78 90
92 94 58
67 30 65
8 54 41
59 78 31
70 26 23
21 6 25
38 54 11
15 20 87
52 46 26
26
55 29 36
98 23 45
64 52 61
72 58 2
30 87 84
51 12 59
71 18 35
8 23 46
74 42 32
26 40 9
6 27 14
28 71 20
32 32 18
89 85 33
75 20 4
39 78 86
8 13 88
30 10 59
23 93 18
62 1 92
40 66 69
11 37 74
94 6 54
78 39 85
49 42 25
27 79 51
19
96 91 19
77 52 77
100 96 46
13 48 89
53 13 57
15 1 83
8 7 36
37 45 72
85 38 96
63 69 98
5 87 87
56 15 34
51 60 63
98 49 62
62 5 26
15 39 78
21 26 44
65 97 3
54 44 91
18
90 22 94
95 8 80
2 74 65
5 34 27
54 82 40
68 38 18
82 77 47
2 54 91
18 3 93
23 98 36
97 91 63
4 22 52
30 87 98
63 65 52
44 57 56
33 74 9
61 20 28
15 62 9
22
31 17 7
54 14 42
50 57 4
5 78 7
34 64 57
48 81 8
43 37 15
76 62 75
88 33 3
2 95 63
70 53 25
36 94 7
92 49 60
21 7 61
37 15 18
17 74 3
5 88 51
18 15 45
50 17 20
96 79 8
100 55 61
45 62 83
18
61 93 73
81 52 86
17 66 55
85 40 57
89 79 59
58 93 4
8 61 75
55 92 34
55 98 95
99 59 77
44 84 46
95 69 58
12 23 90
3 31 59
82 90 43
26 45 84
87 19 41
30 53 100
5
61 27 99
11 38 27
54 21 24
100 41 81
12 63 22
30
23 14 45
58 47 86
98 73 30
50 11 1
56 40 5
16 66 55
26 3 81
32 75 4
31 15 36
94 29 9
60 74 89
6 59 63
30 41 20
40 41 69
31 45 18
49 51 25
3 31 40
78 86 18
92 73 49
21 81 79
94 21 25
4 83 84
44 54 41
84 23 71
80 92 62
30 17 93
12 8 41
49 25 43
21 25 20
54 4 64
6
29 74 80
84 57 63
28 62 55
63 36 25
43 80 87
24 48 31
11
65 88 55
37 36 32
100 9 56
35 62 11
15 87 90
98 95 4
77 57 59
40 92 35
34 71 21
9 18 3
96 25 25
20
26 84 56
77 92 11
63 5 74
77 91 63
26 86 19
3 42 77
42 33 11
27 56 84
35 73 86
31 97 63
14 4 52
57 67 29
61 40 57
51 54 19
36 72 47
29 100 24
14 63 26
69 46 19
93 83 45
42 45 80
12
75 45 48
31 11 76
43 2 84
93 56 2
29 79 100
9 31 24
22 93 49
90 90 20
35 72 16
76 69 95
20 16 8
83 44 82
4
6 36 27
51 91 29
31 22 28
39 52 3
14
23 61 96
38 2 85
85 36 56
92 11 76
26 83 92
89 17 35
47 52 61
49 95 41
79 16 21
17 19 23
29 14 26
31 50 100
66 57 38
29 33 22
25
90 11 24
31 27 10
29 78 70
77 72 63
55 39 35
23 9 57
52 74 35
82 23 34
99 80 23
27 12 96
89 87 61
67 96 50
97 17 32
20 31 60
59 65 36
67 22 42
93 8 65
15 93 16
46 16 49
9 63 99
95 23 78
42 25 66
11 8 85
41 68 81
6 55 100
30
29 79 97
21 86 13
87 30 80
33 97 80
41 60 78
88 34 55
29 10 73
39 18 57
32 37 89
37 91 88
67 39 50
4 51 78
33 30 98
30 9 84
89 39 68
22 93 9
84 17 48
1 73 76
37 61 67
27 1 98
18 50 86
68 27 52
50 76 55
10 11 39
48 79 68
93 39 8
9 86 82
34 61 65
94 79 65
46 28 1
19
96 95 13
16 73 16
17 100 70
26 11 9
26 89 28
70 79 36
78 64 17
63 76 33
9 55 97
54 82 49
1 47 79
73 62 27
73 84 42
35 44 58
75 71 35
53 58 60
16 26 81
91 58 59
97 6 21
19
35 31 6
35 77 85
59 90 11
83 25 4
17 68 61
43 91 95
95 100 7
10 26 39
53 35 97
49 93 70
79 98 50
7 82 36
49 44 70
73 47 81
41 59 15
83 6 84
82 64 26
59 2 21
94 51 82
4
83 86 20
13 35 21
20 69 57
20 12 78
30
25 92 11
8 32 69
85 66 74
5 48 37
87 6 39
72 51 89
54 36 60
19 23 32
90 91 40
9 54 18
100 64 79
84 33 3
49 58 62
48 47 99
54 37 55
4 25 93
92 36 65
14 67 70
56 7 88
9 76 77
25 54 85
57 9 37
66 22 20
12 20 20
48 75 68
24 67 21
11 31 76
30 53 67
36 40 32
63 17 87
6
20 16 53
28 76 89
45 98 60
9 69 32
8 43 99
84 62 71
26
65 94 44
96 23 96
35 10 36
30 72 4
1 40 8
80 67 49
76 64 60
84 33 91
92 27 89
75 88 11
20 84 57
95 79 73
4 66 68
28 21 2
67 29 83
33 77 35
49 36 66
33 27 42
11 67 77
99 78 68
82 86 94
12 58 66
78 77 60
98 31 63
78 13 90
6 100 8
13
93 42 65
77 20 58
87 38 35
37 67 54
18 52 100
82 61 65
11 90 24
8 20 38
86 84 80
43 83 39
84 100 83
55 9 75
45 43 3
20
26 11 49
96 15 48
77 27 64
87 16 87
46 35 76
83 19 7
26 53 46
61 4 28
16 13 55
12 7 57
22 55 46
88 54 24
15 17 19
30 55 95
17 31 33
35 37 78
39 34 61
43 14 86
7 68 98
65 76 13
16
98 20 74
37 73 97
51 42 15
33 96 61
49 26 93
35 15 22
25 48 82
19 61 19
25 80 17
90 8 81
61 81 57
85 29 6
26 95 94
22 55 45
99 99 29
13 20 29
23
87 13 54
58 25 24
34 57 92
23 64 73
35 44 81
20 72 38
97 66 31
70 72 27
69 70 55
33 41 83
97 46 97
22 70 84
78 61 93
41 85 26
36 65 1
59 54 35
76 85 6
47 11 3
68 66 72
60 100 92
6 97 25
27 32 21
87 24 94
11
63 72 49
50 88 49
8 42 84
35 78 41
33 88 95
52 5 19
12 5 10
69 1 86
95 32 59
81 7 52
4 55 75
9
39 44 4
98 37 39
33 14 31
65 1 26
17 6 44
80 62 5
48 62 43
42 45 1
74 51 52
26
67 30 57
5 73 12
2 9 50
86 22 33
3 74 58
19 31 53
50 92 9
49 53 51
90 49 51
15 51 55
96 8 32
20 71 98
80 73 2
1 5 56
27 62 93
57 66 95
49 74 65
53 77 14
54 79 62
4 33 3
63 65 70
34 14 65
6 68 85
62 23 64
75 15 17
40 10 95
21
99 65 26
4 41 40
57 20 53
12 4 56
75 20 77
60 34 41
17 1 77
78 75 93
52 41 61
43 2 55
7 28 57
100 67 8
71 71 11
26 26 19
46 54 30
79 47 56
31 75 15
57 67 83
97 79 60
99 85 63
26 42 5
14
15 44 1
37 14 11
62 92 29
7 45 10
37 43 66
67 18 80
23 84 15
72 15 26
70 51 89
47 44 45
90 44 60
55 6 74
98 86 10
95 96 72
20
67 37 61
85 54 92
60 90 6
31 4 32
52 6 72
98 50 68
39 93 28
45 51 53
43 36 63
37 31 86
73 43 67
27 87 33
68 44 70
71 27 81
28 98 63
77 66 14
22 45 63
72 97 53
7 11 97
90 48 39
25
100 32 15
78 70 99
45 14 68
67 40 100
94 90 62
71 7 27
92 3 41
63 99 93
21 10 42
10 57 80
94 23 7
63 22 58
28 41 35
20 41 79
9 54 97
67 81 90
69 73 12
19 66 3
28 7 17
37 38 38
11 96 99
32 53 44
73 87 59
13 17 86
66 13 5
5
83 98 55
3 71 66
22 88 21
1 94 37
89 83 26
17
20 100 79
78 31 83
64 3 70
20 67 38
37 33 3
71 82 9
74 52 74
95 39 46
95 84 83
84 19 60
35 97 36
65 79 56
20 100 85
86 90 100
70 44 20
52 52 8
55 77 78
11
97 46 23
44 81 5
27 99 16
61 47 4
77 78 11
96 29 95
82 18 95
3 13 66
54 64 73
61 41 2
6 63 53
21
44 38 19
22 37 86
82 83 89
11 12 99
6 41 46
39 10 40
42 23 5
47 86 29
59 78 30
16 92 34
54 10 35
90 48 30
24 36 52
36 87 85
28 32 95
37 23 53
11 79 91
49 7 84
26 88 83
18 74 41
79 8 57
20
51 26 37
74 14 88
61 100 25
40 31 19
29 5 71
39 83 14
87 89 97
13 28 79
82 1 72
60 60 28
38 49 89
51 88 39
2 12 64
32 31 25
88 53 16
70 66 44
10 15 83
37 93 69
38 16 33
97 43 66
18
15 45 31
17 33 69
18 44 85
1 26 61
88 79 76
57 96 20
66 10 54
2 55 22
91 70 7
88 65 72
84 95 49
68 16 15
64 100 31
89 60 48
19 87 48
15 6 35
24 11 43
78 33 8
2
52 100 91
91 64 62
13
77 27 10
8 94 25
55 57 76
55 98 87
41 16 74
84 82 31
43 6 42
56 35 26
60 86 68
2 49 81
28 59 43
74 35 20
82 63 27
23
39 79 1
80 47 26
15 28 57
9 33 50
65 20 27
76 5 46
77 6 26
5 16 69
78 50 88
59 64 66
90 65 50
36 90 89
15 98 20
100 99 86
19 25 94
75 70 10
80 48 85
47 16 14
97 55 18
60 20 47
24 21 57
66 61 98
63 80 33
10
99 62 17
17 38 63
43 60 72
75 7 9
21 22 22
69 76 91
81 47 37
4 67 45
21 28 43
84 59 27
16
24 45 76
92 82 38
87 41 61
61 47 21
81 20 94
2 95 36
82 93 24
37 12 69
58 91 63
41 49 89
85 76 67
18 65 90
59 78 34
57 50 20
77 44 80
23 79 12
23
94 16 3
31 79 23
88 69 85
80 69 25
64 45 91
33 61 33
43 38 66
100 40 37
28 83 16
50 13 79
17 67 44
47 89 89
15 25 71
84 50 58
80 40 89
40 72 4
30 89 37
69 25 79
3 92 30
67 23 57
34 66 59
74 54 75
99 25 74
8
23 100 34
2 39 23
94 63 26
75 3 14
95 28 93
49 19 74
15 41 31
100 58 89
5
88 26 64
28 76 88
50 75 73
52 65 47
97 79 25
28
82 71 82
56 65 9
86 65 79
26 79 72
92 31 29
32 8 44
59 83 31
8 9 56
11 73 2
7 4 26
29 85 16
45 45 97
9 23 52
40 46 89
22 27 66
29 70 58
11 53 89
71 8 99
43 9 6
98 87 17
82 2 75
26 98 4
1 2 100
46 42 9
72 8 48
94 17 69
46 57 49
53 55 59
21
75 13 12
73 51 28
54 52 55
80 2 10
80 55 9
77 48 69
1 55 68
94 23 88
39 79 36
43 85 46
7 97 26
10 76 1
13 30 73
14 91 78
20 100 57
68 20 88
74 88 17
97 75 17
27 11 10
12 8 100
8 34 42
10
9 83 34
22 65 58
87 55 35
7 6 44
26 26 83
99 13 99
47 39 15
74 1 24
37 9 23
44 42 16
6
76 78 27
97 42 36
36 49 70
42 54 65
19 31 48
69 95 98
3
88 16 34
11 41 86
78 29 94
27
13 45 24
100 21 1
22 69 95
86 4 95
85 97 48
83 15 31
95 84 25
82 51 10
44 43 96
74 71 41
18 94 28
38 46 92
59 40 92
62 34 13
59 34 50
73 16 35
8 92 17
10 2 63
52 49 96
22 89 92
67 68 65
13 60 34
4 3 72
90 67 82
75 16 43
90 50 1
81 18 26
15
95 34 32
46 82 80
20 23 71
86 42 87
50 53 20
54 55 43
43 21 24
69 89 67
58 38 19
90 8 44
24 91 81
57 70 75
31 92 72
25 30 91
77 50 29
18
83 32 92
77 4 68
45 92 34
54 82 4
44 41 100
19 83 80
27 5 54
10 96 25
34 26 68
10 27 48
93 70 25
97 37 60
40 70 36
73 74 33
13 73 86
96 4 81
100 57 51
47 33 78
19
72 24 52
33 50 99
26 20 76
74 56 35
13 78 70
86 3 54
50 27 40
97 30 72
48 38 23
95 22 52
70 74 90
20 72 61
91 99 93
98 33 70
27 55 43
29 8 8
7 99 45
88 71 46
25 45 43
10
36 99 96
6 72 85
77 95 97
67 94 41
64 78 11
91 32 5
71 92 12
78 42 8
17 12 54
42 56 96
27
73 92 3
30 63 87
6 9 35
72 54 76
87 32 38
77 15 42
100 58 6
29 100 65
45 63 18
38 71 65
29 73 54
43 60 26
4 46 55
57 21 60
40 58 83
7 52 69
64 9 98
15 73 97
78 43 77
48 7 21
20 60 11
31 37 39
77 43 34
49 54 37
59 36 93
10 57 33
70 54 91
14
69 42 2
98 84 30
97 43 50
68 54 60
99 43 51
27 85 84
75 91 20
85 26 64
46 34 48
15 39 38
9 40 44
44 69 12
38 71 61
92 82 57
4
74 34 32
52 70 67
79 60 38
63 86 2
1
39 9 71
10
1 82 23
70 45 83
92 57 27
73 13 64
57 88 7
23 14 40
13 65 10
66 43 69
66 58 6
4 66 77
18
38 37 40
59 33 75
50 89 1
75 53 16
31 93 23
5 6 14
17 22 75
82 17 96
100 74 53
55 91 29
92 82 18
76 56 56
17 8 14
69 76 64
13 98 38
18 63 20
92 38 76
60 33 45
18
77 85 85
32 27 66
75 8 83
50 16 90
66 23 4
87 98 19
99 47 56
69 10 27
12 99 2
71 83 46
55 67 76
33 84 52
40 19 83
55 8 9
30 63 11
27 81 28
26 88 14
87 14 65
5
96 85 68
18 67 65
72 85 40
4 21 92
95 39 26
7
97 2 98
24 31 61
90 9 41
54 34 29
90 20 94
85 56 61
2 22 26
17
60 25 59
86 80 79
24 74 17
20 27 66
95 57 26
84 66 19
89 51 47
78 71 92
14 26 53
15 100 30
91 58 46
70 36 6
96 4 43
22 69 66
79 47 37
96 65 31
46 63 67
17
37 68 54
50 46 6
17 45 87
7 54 85
77 41 90
24 44 84
45 64 49
75 62 37
70 26 67
68 40 85
35 94 92
80 51 80
76 38 29
81 22 45
21 63 52
16 46 80
80 46 3
29
74 41 34
95 19 52
62 58 37
97 3 80
28 54 59
56 43 87
36 16 84
9 30 87
24 27 66
55 24 20
48 57 18
18 8 91
27 44 38
30 23 99
35 33 47
29 72 27
44 55 34
25 41 21
51 58 29
74 29 5
30 98 59
37 41 58
33 78 75
7 76 2
40 23 83
11 49 17
17 82 45
9 2 40
18 83 64
24
87 46 87
68 43 97
56 83 7
88 60 81
47 36 34
86 10 68
48 10 84
64 43 80
24 96 71
41 78 34
86 16 99
80 65 37
63 71 4
74 51 60
9 37 99
70 56 45
79 40 82
73 71 29
69 42 44
98 27 67
66 26 59
30 62 44
100 66 24
2 77 38
11
72 90 75
41 46 72
72 85 53
44 7 34
64 48 77
14 27 96
79 52 6
8 13 50
7 30 25
8 6 14
98 33 24
7
88 43 4
11 79 56
6 37 41
70 37 18
83 63 65
61 14 22
68 26 71
27
12 26 56
36 85 13
82 82 45
21 76 100
83 6 8
89 43 48
58 79 17
92 41 33
4 6 55
23 31 77
48 38 24
32 3 35
66 47 22
93 47 56
99 6 28
93 53 11
23 70 99
15 2 8
20 56 99
2 33 2
40 8 76
42 94 23
40 68 6
38 75 71
43 2 64
48 64 14
17 14 6
20
94 70 21
13 26 71
14 10 24
5 17 99
98 62 73
90 29 79
27 3 49
22 57 64
69 20 29
37 34 86
6 6 65
31 77 58
92 52 70
8 3 36
70 75 40
50 53 90
53 2 79
61 17 57
80 46 78
65 31 98
4
92 71 48
74 99 5
66 50 27
25 52 62
13
42 94 27
20 96 31
77 100 84
6 60 1
4 91 98
89 56 80
80 78 27
54 76 32
71 77 10
95 81 71
41 59 23
36 89 65
35 73 84
2
18 46 25
73 36 22
11
80 13 91
63 45 20
72 50 95
42 20 72
64 14 4
80 6 62
16 41 50
27 27 74
96 72 98
20 60 19
85 2 72
1
13 81 22
6
39 84 30
42 77 1
55 40 66
57 72 72
30 87 12
80 65 91
12
21 98 13
23 21 84
44 71 68
11 35 48
2 70 29
95 46 29
50 38 47
6 9 18
87 95 81
18 11 71
68 23 85
88 7 57
19
74 11 26
37 45 74
38 15 54
32 12 35
33 49 81
90 57 98
29 3 30
46 14 53
13 88 37
1 94 93
11 20 24
7 45 49
73 50 85
85 84 74
33 64 58
90 13 90
44 95 80
57 47 8
45 83 53
16
18 90 27
80 61 50
38 57 51
11 7 35
47 90 61
79 6 18
20 70 59
64 16 38
72 62 97
68 96 2
58 23 19
18 72 36
75 22 67
33 9 4
74 21 66
31 38 12
3
62 53 96
77 68 86
1 30 34
25
5 68 25
92 25 99
58 95 23
14 21 96
79 53 4
91 78 76
33 9 65
46 61 13
75 28 98
75 9 83
94 86 18
19 84 74
65 6 66
85 2 23
89 57 36
66 33 67
74 97 57
86 9 89
66 58 86
74 41 60
11 10 86
95 83 80
52 100 50
53 75 14
62 62 98
8
3 46 28
29 94 84
14 55 24
31 64 10
57 4 21
67 65 7
61 100 86
65 51 35
18
97 69 25
34 30 87
88 75 14
16 21 50
82 75 73
12 38 34
68 94 55
87 10 61
99 61 98
63 12 32
32 36 31
61 74 27
88 88 12
60 37 99
34 61 67
23 95 48
16 49 11
78 61 31
27
15 38 58
78 49 89
9 37 71
21 10 49
60 49 60
19 37 10
4 98 76
27 44 75
94 92 86
71 4 16
61 61 84
9 1 98
97 23 27
7 71 87
55 82 8
92 91 19
41 19 90
84 93 93
27 30 71
30 97 17
42 80 39
42 30 99
64 56 60
86 43 56
67 2 62
57 72 69
27 61 60
20
83 20 6
9 1 76
90 98 92
31 29 31
24 58 81
87 66 40
72 60 96
38 61 9
46 84 77
73 45 36
44 50 87
44 77 21
93 21 81
22 51 70
79 31 100
96 23 23
55 18 61
67 26 84
51 3 73
47 90 71
5
38 48 29
33 24 49
26 44 30
47 46 51
77 29 51
5
38 73 51
73 79 20
98 98 45
68 48 99
62 46 41
9
69 51 93
98 83 16
49 8 60
51 6 57
27 83 85
16 7 35
89 85 54
86 82 51
5 81 1
1
61 66 26
18
86 30 68
45 79 50
1 79 10
38 81 15
72 8 97
78 75 3
28 63 40
80 100 73
21 4 54
33 21 31
14 88 49
45 90 34
23 99 30
56 13 82
63 62 19
37 16 43
52 55 20
3 80 99
18
50 7 33
83 79 63
48 19 63
92 8 48
67 58 77
22 22 11
36 83 29
24 99 23
27 5 42
30 84 92
88 68 70
66 83 19
36 45 53
95 93 53
52 21 96
26 83 62
8 64 35
58 86 22
16
72 63 80
53 98 71
40 66 40
58 48 11
45 44 15
40 88 67
43 61 63
68 43 76
76 6 63
85 92 84
99 23 81
97 93 53
14 85 57
61 95 97
4 61 6
44 28 50
11
84 4 42
51 46 17
78 52 79
63 95 15
13 17 95
9 61 99
22 45 56
34 91 4
90 52 61
33 79 10
36 20 3
16
88 81 88
18 84 19
32 30 33
44 98 27
53 59 26
26 3 33
60 94 36
49 45 96
81 75 57
16 46 59
48 33 96
84 3 36
13 35 53
11 14 84
69 91 27
23 23 31
17
68 16 10
16 12 57
48 86 65
15 83 76
62 16 71
45 70 6
10 57 10
20 70 93
40 12 72
62 86 2
30 95 10
93 3 77
31 67 92
13 94 39
80 65 5
50 22 67
6 32 63
22
43 27 76
82 38 47
96 23 1
25 69 10
17 23 87
47 41 30
12 35 21
91 99 25
40 72 43
97 55 58
23 31 29
12 77 24
86 29 57
54 39 52
28 77 28
69 58 97
3 30 95
53 55 6
24 49 97
31 6 88
61 87 85
89 10 7
21
56 18 66
10 8 70
89 84 97
57 93 93
11 23 88
63 77 93
39 77 41
69 83 29
29 21 13
17 82 71
86 99 41
93 68 97
28 65 58
21 9 46
43 48 55
71 41 65
47 33 80
81 61 18
1 25 86
82 48 66
33 40 34
12
64 100 88
92 16 45
12 25 43
6 72 49
76 64 65
74 97 44
55 9 61
7 86 98
41 33 15
73 72 1
72 12 72
40 8 35
8
41 16 50
46 39 50
73 55 15
47 51 58
53 11 71
59 96 68
51 80 35
23 4 35
6
40 47 15
70 38 22
10 53 24
56 91 73
80 45 39
26 47 97
27
86 30 10
20 41 57
54 91 37
11 66 40
51 64 6
20 1 27
81 53 50
88 95 75
68 92 13
45 90 9
75 99 27
15 56 65
5 44 36
22 35 42
85 40 52
85 66 54
89 16 25
36 42 6
27 54 93
16 15 60
67 93 5
74 57 31
17 45 45
3 86 1
42 37 23
7 43 59
74 67 44
24
19 15 72
97 21 17
65 35 76
31 27 32
56 36 62
24 80 58
26 65 11
67 53 85
25 95 43
51 62 38
17 85 22
37 1 40
71 29 89
98 12 53
33 74 83
64 83 90
28 93 13
32 77 38
79 72 56
92 9 32
76 30 82
29 22 99
57 10 87
68 62 58
27
91 93 96
54 76 85
33 20 49
64 49 38
94 20 93
85 28 76
61 10 10
89 31 60
97 92 46
16 5 3
9 52 61
36 88 51
7 36 56
55 73 88
74 17 4
54 92 97
63 1 82
45 60 94
36 58 34
92 60 82
43 21 97
30 23 5
65 79 92
89 66 99
5 21 53
48 70 79
1 51 32
26
90 12 96
77 69 81
68 29 62
62 1 58
91 75 15
7 53 6
47 71 56
3 91 61
50 60 39
50 62 22
14 57 67
82 37 56
62 50 32
14 8 51
89 74 12
41 31 54
11 87 12
54 47 10
13 37 12
27 10 61
83 76 63
72 83 76
21 66 9
80 16 71
53 79 84
36 84 72
5
27 22 47
80 20 56
45 8 67
71 17 79
5 92 93
20
29 28 26
51 49 91
34 80 58
58 85 36
74 20 71
100 93 17
32 64 24
76 71 90
46 87 20
50 30 13
30 55 32
30 97 12
9 54 62
45 41 48
64 11 57
56 79 30
19 2 81
41 43 12
79 14 87
8 26 84
6
15 14 10
44 10 73
4 15 35
49 55 34
64 17 90
72 47 19
1
63 42 48
12
56 1 83
33 37 61
94 22 21
67 88 86
53 83 48
86 86 62
27 34 69
45 98 85
47 69 32
9 62 31
62 44 25
98 5 32
16
10 71 77
28 10 62
32 92 9
69 77 23
95 63 91
91 12 75
37 32 58
98 93 89
59 37 13
8 93 96
78 21 11
87 82 20
30 43 99
6 65 30
20 7 98
31 33 92
22
71 14 91
68 7 79
26 95 43
85 39 38
62 11 48
100 92 20
29 86 70
86 2 100
6 8 49
88 41 93
54 83 74
12 13 44
58 55 63
48 44 88
58 43 72
49 14 85
87 84 36
40 35 16
48 83 2
40 75 59
22 1 98
34 96 3
14
71 40 59
18 35 98
75 29 22
76 95 58
14 78 94
53 12 61
52 46 14
43 73 72
16 73 22
1 20 24
92 78 90
26 28 12
7 49 30
1 58 56
3
96 30 3
1 93 64
52 38 77
1
74 95 10
24
54 97 62
83 38 63
10 50 54
10 31 80
68 86 38
70 21 38
85 68 19
14 68 11
14 72 48
87 18 10
35 79 43
73 41 96
74 95 79
4 26 40
41 63 50
13 52 69
81 70 90
48 80 75
19 79 88
88 88 53
67 31 39
7 78 25
53 8 49
78 48 22
17
18 92 97
30 95 17
10 16 6
10 47 80
80 78 19
68 65 71
34 47 61
92 77 86
97 84 34
26 31 8
18 79 84
64 95 53
32 1 83
78 32 44
7 3 5
72 25 37
70 86 4
19
32 46 23
28 82 8
54 12 15
23 43 51
38 37 3
69 89 37
99 73 33
5 75 37
28 99 73
98 84 28
95 58 16
76 66 100
40 32 27
82 82 32
70 85 54
59 21 92
31 53 12
5 42 10
55 14 67
14
43 39 94
90 48 9
65 13 60
56 45 87
37 78 70
7 62 24
65 35 67
47 39 78
51 80 40
57 46 58
95 39 51
95 99 46
7 59 35
3 97 51
7
95 81 66
1 94 41
17 28 59
15 19 89
17 98 80
74 95 37
68 85 87
4
70 14 84
21 21 94
79 75 42
73 55 59
22
10 26 49
50 94 28
29 9 46
65 25 96
4 98 90
87 18 75
9 31 10
29 3 55
59 78 48
83 32 58
60 32 9
54 60 71
14 57 20
90 52 1
88 42 65
57 68 20
87 29 7
42 83 67
19 82 47
2 39 5
86 100 39
97 70 99
14
17 53 41
6 5 41
45 98 58
1 17 77
40 45 35
33 79 1
51 60 47
4 50 3
89 49 42
85 18 92
90 11 95
94 3 63
43 12 20
59 89 17
27
8 55 75
40 33 76
42 44 74
46 93 29
86 42 70
71 11 61
60 73 7
5 76 21
99 87 40
57 27 56
63 2 25
95 29 84
90 54 76
82 82 17
75 3 14
86 63 100
10 21 22
85 41 33
24 81 89
2 88 87
55 12 95
83 48 57
89 23 3
22 91 44
25 5 25
39 56 52
60 29 89
28
35 52 61
58 32 1
11 72 87
66 35 33
100 82 41
88 4 95
10 95 38
34 51 14
24 6 65
83 34 53
35 46 51
18 46 37
41 84 46
76 16 56
57 56 21
13 2 21
59 39 60
61 52 69
18 17 54
51 21 78
48 23 12
93 59 46
28 4 16
43 60 56
50 80 31
51 52 40
41 12 4
92 32 14
24
91 8 86
93 81 15
92 3 26
36 62 24
63 65 39
57 24 94
6 56 77
8 7 68
48 70 23
91 2 36
51 87 61
31 1 3
33 78 47
94 1 38
59 39 73
34 85 87
41 13 43
100 80 100
69 2 7
70 89 6
8 49 96
60 3 46
38 49 76
38 38 9
4
64 29 62
50 13 48
90 25 90
89 56 89
27
4 10 57
99 31 97
97 39 45
24 50 99
84 87 99
38 77 36
1 5 97
50 69 96
92 45 85
32 100 25
41 8 23
72 4 26
62 100 76
11 98 72
50 96 48
26 83 31
82 31 68
50 26 21
94 62 22
45 38 13
52 60 45
55 37 37
54 64 8
3 88 21
50 35 32
32 65 81
62 33 58
29
40 39 5
85 52 26
29 89 39
32 100 35
38 88 71
43 51 31
45 38 51
94 72 34
77 37 66
90 21 23
28 25 13
79 2 52
19 40 88
70 26 68
57 97 99
7 27 36
45 29 30
68 63 74
4 28 19
76 3 47
52 15 36
54 19 15
45 6 45
71 74 63
67 24 32
45 12 40
73 41 47
87 67 43
67 37 10
16
41 69 84
45 35 19
98 53 34
42 11 78
12 36 93
30 11 76
74 22 16
99 63 14
85 81 56
51 17 17
71 100 34
6 71 75
10 4 71
72 33 68
7 25 61
70 53 73
24
28 91 68
26 5 81
62 85 88
13 54 56
83 53 90
88 23 16
50 78 86
21 63 53
80 39 65
49 91 37
39 58 91
96 90 70
32 29 47
85 37 8
90 26 20
64 41 55
42 78 94
4 82 43
94 46 16
85 35 95
94 25 43
84 46 33
64 92 28
100 99 60
14
33 25 71
49 17 25
90 94 70
45 75 13
38 73 28
22 7 22
68 83 16
51 28 48
66 19 28
66 69 87
42 39 82
11 15 67
56 85 15
83 49 56
12
89 55 76
63 61 49
30 43 16
32 22 63
49 40 90
66 60 28
8 51 62
70 65 28
77 1 94
59 49 49
13 76 52
25 76 40
4
35 19 91
18 40 54
67 31 95
32 91 23
6
15 91 41
8 12 57
8 89 58
59 47 58
50 12 34
56 88 9
10
5 42 7
51 60 46
25 78 77
60 9 19
74 52 59
81 63 67
40 3 24
98 2 34
100 65 67
55 52 27
18
34 96 10
85 7 56
9 84 84
69 45 2
42 48 12
75 62 78
14 65 54
64 66 87
63 30 53
69 33 31
16 43 9
23 50 42
6 33 26
2 86 87
49 49 55
11 26 48
75 79 74
92 17 40
13
17 73 21
37 5 52
52 99 12
74 48 5
32 32 83
33 17 69
34 17 75
44 43 74
70 73 48
61 90 87
85 10 41
89 13 9
88 24 45
16
22 87 29
53 19 63
37 87 31
70 4 5
65 98 78
34 22 77
46 11 15
30 73 7
71 37 15
10 13 11
96 93 59
66 55 80
53 85 84
8 41 72
5 70 94
26 47 58
24
89 89 13
71 13 20
41 1 86
50 13 97
97 5 7
63 59 38
15 95 73
22 35 44
78 57 37
55 55 47
43 67 90
7 86 30
8 24 100
20 20 40
77 78 41
35 15 38
82 87 52
68 82 66
24 71 39
78 17 68
97 6 22
34 87 65
57 87 23
28 78 30
12
78 5 19
12 19 8
45 57 59
13 39 76
36 9 66
66 77 33
62 34 54
47 20 70
4 6 93
31 84 74
88 54 75
58 13 52
26
60 15 71
24 5 98
12 65 63
77 41 95
90 74 100
88 93 22
91 51 14
74 86 39
61 39 14
18 51 17
84 73 84
88 70 96
52 32 19
92 78 82
17 29 10
62 50 99
12 15 87
97 54 29
87 19 2
37 87 62
61 71 32
30 18 15
13 36 55
90 18 6
18 27 50
68 78 18
9
42 34 16
90 87 96
76 57 98
64 44 11
24 14 94
5 31 9
17 18 63
58 87 20
76 66 21
9
69 95 95
11 28 62
100 67 57
28 23 6
91 66 69
67 31 62
71 13 22
88 31 36
45 69 8
28
18 72 86
87 18 80
49 46 93
48 64 2
27 86 7
18 52 75
84 34 89
6 47 10
93 29 98
90 97 5
13 35 32
31 66 50
28 59 88
91 60 36
76 18 35
79 93 62
13 33 79
11 94 14
39 91 71
87 95 16
21 79 5
87 28 17
97 67 47
56 2 26
73 36 16
17 97 44
1 27 22
95 92 86
26
86 85 63
25 32 78
45 10 34
83 89 2
31 55 49
38 56 26
11 43 42
79 92 85
80 18 58
26 62 96
62 76 43
93 5 29
2 38 53
90 39 49
44 39 84
51 65 14
94 6 52
85 42 14
54 99 44
67 46 75
42 89 100
46 17 62
83 21 54
74 69 8
12 4 49
28 18 93
15
88 33 69
24 26 34
30 77 77
96 22 52
38 10 3
83 78 64
18 98 70
91 19 29
54 22 77
82 91 21
66 59 16
92 44 55
20 21 79
41 24 8
3 26 3
12
27 80 42
44 30 63
86 48 91
39 21 67
72 12 40
38 22 55
81 66 61
100 38 91
92 61 98
94 38 53
74 79 96
3 41 22
15
2 2 31
93 22 50
64 85 41
53 7 47
33 24 7
84 61 98
76 73 47
21 10 51
94 41 47
48 81 68
1 64 85
75 65 86
59 5 78
17 51 94
40 9 46
11
14 52 6
41 76 53
62 38 3
55 78 1
55 58 69
55 73 5
29 37 42
40 93 72
56 95 65
48 4 10
51 9 40
6
46 79 13
7 16 68
14 93 68
20 2 36
74 75 92
55 63 34
25
69 94 56
30 1 2
22 48 5
27 51 14
24 29 78
83 96 45
48 88 13
67 41 100
92 67 92
46 30 25
91 37 29
44 38 49
43 95 78
93 8 99
73 85 77
68 82 53
7 94 35
48 93 82
14 84 100
95 8 91
83 88 89
73 36 31
67 14 74
74 64 17
10 93 9
24
1 91 45
8 36 31
55 29 64
20 12 63
15 72 53
49 59 93
21 95 24
87 60 97
12 75 13
22 67 74
64 63 7
100 93 7
80 56 66
91 70 72
14 75 92
25 67 58
71 90 6
30 39 79
4 3 65
71 28 77
85 34 50
78 93 65
85 58 64
55 82 43
26
51 29 73
75 95 82
45 37 87
26 75 65
30 29 82
52 57 58
36 42 59
65 34 23
50 44 87
4 25 81
32 49 18
78 30 21
14 68 47
40 85 92
69 66 69
77 75 50
18 33 1
4 55 89
99 93 5
23 26 54
23 95 57
4 15 40
71 14 18
7 57 83
72 25 23
98 75 43
11
88 30 27
43 37 67
41 29 72
15 6 25
37 1 34
40 67 25
63 80 94
69 36 77
93 13 51
90 87 45
20 65 15
14
97 56 32
37 36 3
52 42 79
40 94 64
80 60 41
94 92 34
62 79 10
54 91 12
96 29 56
67 94 22
22 25 76
9 79 72
2 9 60
95 73 11
21
82 7 65
27 98 98
88 76 60
94 19 71
89 47 79
7 92 52
80 16 27
88 46 50
90 55 10
84 79 20
42 43 22
39 92 55
67 51 81
37 74 21
83 4 14
75 55 54
42 82 60
88 31 91
94 92 78
24 64 19
66 85 55
6
35 57 92
53 60 72
89 33 44
71 88 9
97 42 14
91 75 25
25
93 30 58
11 23 49
65 46 12
61 63 49
47 71 92
99 30 15
87 14 59
9 1 67
58 43 81
100 17 5
29 74 20
3 75 64
100 86 74
62 86 91
32 77 3
14 92 49
27 50 99
28 68 37
22 48 97
90 5 54
16 24 53
90 87 33
27 12 35
65 54 34
41 56 47
9
44 84 56
70 85 6
49 53 42
22 100 91
12 56 44
27 79 49
68 17 81
46 81 68
10 86 1
20
78 3 94
73 86 1
42 71 7
43 75 100
64 26 90
27 82 86
5 12 86
72 81 18
70 61 85
79 98 38
33 91 37
19 92 66
41 98 38
15 49 31
40 39 73
21 76 89
85 61 15
65 78 20
77 15 43
74 4 12
3
75 65 40
45 56 57
85 5 94
26
1 51 53
89 43 43
3 15 18
74 99 30
17 63 60
80 39 74
22 65 77
49 29 68
93 36 24
30 40 69
80 44 44
74 87 96
89 56 84
87 38 39
2 97 64
92 22 80
56 50 12
36 17 85
71 92 33
62 12 78
6 7 7
44 3 38
51 86 12
88 76 52
84 40 90
57 71 91
5
42 6 82
78 74 67
48 65 51
10 76 28
67 35 86
16
39 10 37
90 60 22
79 100 50
22 83 89
8 40 59
49 97 93
26 71 11
26 87 61
87 15 41
53 49 78
14 85 53
25 58 91
24 7 32
59 47 11
50 6 84
46 98 43
1
69 68 8
10
12 46 55
90 32 69
94 36 17
85 1 53
16 25 10
78 1 69
13 11 15
55 60 72
98 57 69
66 25 28
20
63 11 31
52 94 99
46 81 67
82 81 71
49 57 32
79 9 100
91 19 67
98 78 38
95 87 59
60 11 38
22 41 89
67 91 52
47 9 3
79 79 100
35 10 33
96 62 82
14 28 60
44 17 2
30 75 99
92 65 93
4
77 84 53
43 74 4
89 34 59
67 64 58
1
24 54 73
16
65 83 49
82 36 14
8 35 57
24 79 86
77 35 29
80 63 12
90 6 37
48 46 70
90 65 33
13 70 58
47 70 43
82 83 60
68 40 93
99 77 52
85 6 76
47 17 52
13
73 52 54
72 50 75
61 14 8
25 83 65
23 52 59
4 86 18
24 25 62
74 54 14
58 11 89
4 27 92
8 32 26
57 7 98
22 66 21
13
9 56 82
31 59 92
35 44 62
10 21 23
83 74 36
40 36 24
95 62 67
2 46 93
10 4 42
31 21 63
86 2 47
96 93 56
40 54 86
22
81 60 29
15 85 64
6 20 40
1 33 6
54 30 50
64 85 92
46 5 6
84 6 52
79 51 7
18 56 45
29 84 16
65 48 49
36 39 15
21 96 21
2 46 73
87 37 26
91 94 41
49 45 87
51 4 22
6 100 100
42 67 70
89 67 50
17
2 79 82
74 74 54
76 71 26
14 59 3
56 52 96
56 49 34
6 4 55
64 3 54
5 69 75
45 36 25
23 69 43
48 22 96
19 99 70
77 1 97
81 48 62
29 81 17
32 35 73
10
93 34 41
97 54 15
41 89 91
63 57 33
63 30 29
81 28 50
9 81 46
89 28 59
17 61 75
100 95 99
9
73 85 87
70 39 2
10 27 44
25 36 29
39 65 57
19 45 58
79 25 55
68 4 13
36 64 39
28
18 36 11
90 20 97
11 58 50
73 37 94
49 24 74
87 40 82
5 84 39
83 60 93
2 64 5
38 79 43
25 89 32
96 38 49
6 87 91
94 32 1
17 5 73
56 86 21
92 76 59
51 68 63
66 24 98
97 67 51
37 50 40
74 51 64
61 41 12
44 93 17
1 18 10
86 90 78
62 49 85
81 63 76
29
96 5 12
44 23 63
81 72 2
54 74 18
66 66 29
10 59 97
10 28 58
47 69 35
60 17 19
93 32 47
97 43 77
71 57 24
94 11 68
68 80 48
33 60 53
43 56 19
22 65 80
91 99 89
59 69 87
90 67 99
85 43 91
93 19 39
55 86 9
34 33 54
45 37 21
52 55 6
16 34 100
66 74 22
35 13 12
12
64 53 11
48 48 53
92 66 91
47 51 51
32 35 4
77 71 77
28 78 82
44 11 81
9 37 54
95 1 17
48 63 39
95 15 2
21
92 60 57
90 62 59
22 48 14
98 18 90
25 95 23
20 58 4
29 46 9
75 46 26
22 60 64
68 74 17
79 82 17
92 92 60
39 5 2
57 95 23
3 69 20
12 72 96
9 33 16
54 58 96
65 73 70
38 89 44
71 57 11
2
33 62 16
72 19 69
1
62 80 13
21
5 58 82
37 25 46
46 72 54
18 41 60
6 84 24
62 47 14
29 40 84
98 24 98
40 95 16
2 26 80
11 60 12
87 5 68
58 58 4
98 69 1
34 93 18
32 58 23
23 93 36
46 90 17
41 57 66
66 88 5
25 100 6
18
54 81 67
11 91 23
9 59 23
94 3 93
25 60 15
47 5 3
44 46 19
84 3 84
2 90 88
78 41 46
59 60 13
1 82 67
59 56 77
14 48 37
25 15 82
29 17 6
27 87 4
29 70 48
13
36 70 9
14 63 6
24 22 19
24 55 37
34 10 65
99 10 54
24 24 35
4 92 93
30 78 48
10 99 95
32 7 30
94 13 17
15 83 82
25
80 21 71
66 30 35
64 91 88
87 14 23
43 5 67
72 34 14
82 32 61
13 91 90
6 3 6
72 37 88
92 7 44
73 93 76
64 81 41
29 55 56
86 73 95
19 86 37
51 46 8
41 87 89
95 45 1
83 84 58
89 79 81
33 54 72
65 46 97
71 2 12
43 96 40
25
44 29 32
46 74 91
38 61 80
32 57 32
66 40 42
6 18 22
38 72 46
3 69 42
73 22 53
16 17 44
44 100 69
69 91 64
81 22 61
37 5 98
28 46 81
46 68 46
69 65 51
37 6 40
59 10 42
27 53 67
79 73 82
21 88 77
42 48 97
46 45 78
44 25 66
24
91 11 22
59 75 24
47 32 64
57 93 5
84 97 23
14 22 56
34 9 32
75 9 81
72 53 58
15 30 75
77 51 68
3 27 58
86 90 68
78 46 15
27 69 71
48 24 6
8 8 19
16 88 52
21 97 78
50 71 50
52 91 16
78 100 93
19 68 95
65 34 33
30
88 85 56
35 8 14
43 67 32
10 54 36
30 50 13
79 73 14
83 63 30
12 14 74
31 33 20
95 66 52
79 74 14
38 87 1
5 70 36
58 5 30
60 70 39
32 83 69
46 64 99
59 37 33
92 57 45
9 60 75
82 73 21
20 74 51
90 61 88
94 42 92
63 80 2
98 100 13
13 51 96
50 83 41
58 79 51
69 53 94
5
36 42 73
56 15 23
97 27 63
90 68 6
5 99 7
1
66 54 51
1
35 58 66
7
76 14 61
45 18 54
86 43 60
52 17 48
30 79 55
97 85 51
47 43 40
6
49 97 14
67 49 79
33 36 89
9 1 49
5 18 54
90 60 14
11
67 93 77
17 22 7
8 70 91
56 16 34
4 13 99
22 13 29
55 48 17
15 48 65
19 18 71
60 77 36
52 5 48
4
82 25 12
89 94 2
44 9 87
100 73 37
16
82 21 38
99 27 85
21 93 85
56 63 2
3 22 30
68 25 35
49 1 98
37 94 51
33 55 90
32 79 26
4 16 91
83 53 25
75 37 75
38 90 95
11 19 2
88 5 4
11
19 88 2
7 34 5
39 88 94
22 66 19
78 82 10
60 34 86
86 22 60
75 11 6
86 81 7
25 38 62
12 91 84
2
60 45 95
51 84 88
17
68 24 50
5 1 83
64 12 68
21 50 89
27 24 51
88 61 83
23 85 20
24 49 11
35 45 5
85 29 45
61 78 51
13 12 70
25 79 74
26 19 89
49 69 9
62 51 87
98 23 74
6
71 98 33
57 43 89
94 71 33
54 100 35
66 11 4
42 41 77
17
25 19 59
11 20 27
36 81 29
83 30 51
5 28 35
62 70 24
7 92 8
60 91 43
77 53 98
71 93 27
89 51 43
8 29 68
40 57 78
70 60 66
49 94 48
18 17 53
61 77 66
12
83 51 19
59 55 68
81 99 94
22 1 37
29 29 56
21 37 33
42 96 50
90 90 98
59 58 50
19 34 67
21 4 38
75 72 20
20
11 73 65
32 73 53
12 53 8
84 89 93
25 37 42
14 26 39
72 35 40
42 69 6
62 24 43
36 95 14
60 12 44
84 64 54
88 72 37
77 64 100
65 5 36
90 96 60
76 35 26
44 93 49
68 35 91
14 49 52
30
99 25 44
35 41 49
22 64 37
50 27 36
14 83 23
55 30 35
31 17 60
26 9 60
45 95 50
59 95 54
35 38 93
75 86 43
38 22 77
16 10 51
51 32 52
32 66 66
48 77 72
56 37 54
3 86 80
97 39 76
87 83 34
72 26 21
46 54 47
55 56 37
38 8 4
56 25 6
32 96 38
20 50 37
6 81 45
96 56 47
15
81 31 42
53 56 14
50 61 60
4 17 48
93 24 52
48 48 57
32 95 46
51 44 83
8 76 27
56 32 73
86 25 67
93 38 100
53 49 52
69 97 1
44 100 56
30
100 91 8
31 38 54
81 81 88
41 9 66
96 92 90
81 16 56
73 5 7
77 5 58
98 1 10
41 52 17
84 60 69
21 65 68
53 52 98
61 17 30
4 6 70
71 13 17
75 20 97
80 29 21
32 91 50
84 59 47
95 27 39
59 94 22
62 43 94
78 25 99
35 46 11
47 63 15
18 11 85
99 84 12
89 33 43
99 79 26
11
55 26 69
13 71 43
74 66 36
3 90 86
37 87 97
36 49 63
5 60 99
3 43 10
43 27 4
94 57 82
19 25 42
17
61 41 67
87 58 55
89 99 40
78 86 88
13 34 50
69 45 1
24 39 62
66 65 66
59 73 47
29 98 40
22 16 36
79 70 97
78 62 83
15 1 23
48 3 100
45 3 64
35 64 33
26
73 100 81
32 24 79
12 21 19
85 89 54
64 10 2
93 23 36
7 24 11
6 26 10
2 80 74
37 95 58
88 76 65
11 54 37
84 24 20
72 30 32
81 31 68
4 19 31
79 29 75
56 90 81
35 15 39
29 72 40
56 36 76
10 25 63
85 44 26
14 27 9
45 95 80
15 77 12
25
93 95 52
100 84 84
34 99 22
15 22 14
70 10 89
31 34 4
16 77 29
29 56 37
25 50 68
91 26 79
85 77 46
21 13 90
71 34 90
92 99 75
53 40 89
86 43 11
15 23 93
70 11 8
19 78 89
96 8 65
73 53 56
37 43 92
22 32 12
21 6 34
60 47 26
30
16 54 57
30 28 49
99 38 9
69 67 97
64 74 61
88 27 68
24 69 60
46 52 23
66 57 57
77 3 34
30 11 63
57 60 78
46 68 59
12 16 9
37 76 29
63 96 93
83 55 32
34 29 56
43 85 53
97 18 18
8 81 46
19 10 75
86 21 83
1 81 80
28 10 91
23 54 27
29 85 42
58 40 76
94 92 62
12 61 56
2
11 44 6
29 5 32
26
45 66 77
87 66 58
14 46 67
7 20 20
34 49 56
95 58 96
50 51 39
54 14 52
64 9 9
93 66 41
58 42 58
76 51 3
73 17 89
92 88 54
92 44 12
49 91 46
52 81 40
17 32 42
78 41 95
43 33 58
36 42 2
87 44 12
55 85 39
43 38 11
38 2 2
28 47 94
24
97 60 38
14 92 79
91 84 73
85 68 83
20 9 36
6 5 99
61 89 37
55 78 99
92 79 53
71 77 98
30 15 91
73 45 40
8 18 53
27 52 95
88 39 79
92 38 98
32 26 4
61 77 16
92 29 70
68 26 61
34 68 83
79 7 12
48 11 37
51 5 44
23
10 89 83
1 78 33
84 4 36
44 80 3
35 60 72
55 37 84
88 56 66
66 63 29
65 25 17
15 30 13
4 64 35
33 96 44
36 83 96
67 85 79
78 8 22
14 91 9
70 8 63
84 89 50
8 5 68
89 17 32
53 3 99
100 98 54
83 93 86
4
92 19 23
70 27 45
83 69 5
4 29 67
18
35 87 17
19 47 73
69 35 90
22 39 44
59 39 42
32 73 34
76 91 57
45 69 53
79 90 57
83 18 75
21 86 42
67 58 29
54 99 99
44 43 19
82 84 92
6 69 50
49 77 34
17 81 9
5
83 58 89
17 27 63
90 12 57
8 70 37
61 68 87
5
96 5 62
45 38 97
30 44 66
90 92 94
94 60 75
23
78 29 70
34 45 96
70 34 8
8 42 29
12 54 96
7 10 58
3 100 54
33 43 71
22 86 65
16 97 39
44 66 53
40 14 30
26 21 15
67 49 84
72 96 91
34 5 54
33 11 60
75 81 63
12 97 47
60 87 68
26 92 35
91 21 30
11 36 22
17
65 11 71
36 6 14
69 63 67
1 73 79
27 5 93
90 54 39
50 92 58
27 83 45
17 4 26
79 91 47
89 61 93
46 26 57
8 45 45
32 23 13
89 67 66
42 5 92
33 14 82
23
9 16 10
25 71 36
3 61 34
43 73 27
88 51 83
48 95 27
31 69 92
19 35 57
60 91 100
45 56 33
60 66 15
82 53 75
42 86 99
66 12 53
16 47 47
10 25 35
30 68 34
64 76 64
54 28 35
10 60 94
27 27 38
79 53 49
64 4 30
13
41 28 56
56 26 3
18 2 89
47 22 74
63 97 89
16 24 23
77 36 69
3 14 58
81 18 59
97 21 40
76 29 15
1 83 55
54 71 62
9
78 75 96
40 24 36
7 99 11
84 34 79
86 99 88
19 17 46
15 37 38
90 17 52
42 99 6
17
98 95 21
27 22 16
18 45 52
76 43 62
59 29 92
97 79 31
67 47 29
81 36 66
22 52 69
15 51 74
61 71 92
82 39 41
78 42 19
73 3 36
53 46 12
83 28 22
30 56 70
6
68 65 21
89 68 89
3 18 14
64 41 58
97 79 98
27 20 69
14
67 99 74
41 51 71
10 33 98
46 14 54
65 30 26
54 98 67
8 67 32
23 7 89
72 37 39
98 56 7
96 81 62
98 51 81
82 49 21
96 54 82
17
44 77 79
49 74 97
56 41 29
31 99 69
54 36 7
51 43 65
98 76 79
47 26 59
28 26 79
75 79 60
52 10 39
77 6 82
69 86 30
20 55 37
7 13 19
49 78 72
24 56 22
21
17 2 14
97 79 44
23 58 55
74 19 45
3 76 26
71 62 7
90 16 96
96 80 14
97 57 38
72 64 11
25 29 82
4 24 98
13 79 46
31 23 69
6 1 94
19 59 96
86 54 19
66 20 8
74 57 56
38 67 4
18 100 27
22
55 42 98
67 20 95
49 94 63
6 94 57
25 5 52
62 58 70
27 29 30
1 37 37
90 4 40
7 3 66
100 52 69
71 47 23
65 9 41
10 17 89
14 69 47
24 90 71
52 71 84
89 7 11
44 98 63
98 64 52
2 32 10
100 7 10
2
96 8 47
58 77 88
26
56 23 45
39 46 86
1 50 57
63 90 63
66 33 61
28 82 76
89 83 59
20 82 65
68 42 64
25 18 3
47 14 88
45 99 95
94 7 85
35 22 38
67 82 52
100 9 70
83 67 97
16 84 37
9 99 8
26 53 75
91 92 51
42 38 50
48 74 46
69 11 91
2 63 25
62 32 43
22
76 29 80
92 64 68
100 14 75
78 18 2
68 61 4
9 98 5
9 71 50
77 82 40
31 96 64
92 79 6
72 10 48
87 77 23
100 3 66
69 56 18
29 12 95
78 16 14
49 66 23
82 57 83
29 21 59
7 26 41
68 25 33
96 100 4
13
42 50 17
63 6 34
43 69 80
21 84 94
21 1 68
2 58 50
82 78 60
40 55 1
7 32 85
54 83 88
3 99 30
60 85 24
28 64 38
10
100 64 57
72 64 76
73 21 25
6 50 85
45 57 37
3 40 21
56 22 60
59 72 42
70 56 17
98 20 54
25
37 61 28
8 76 4
33 49 80
38 50 16
83 6 52
85 97 24
41 18 84
51 90 25
20 97 93
69 16 98
29 96 82
57 51 18
5 30 78
6 46 10
12 49 47
60 73 81
78 8 66
19 32 58
15 76 60
83 73 79
30 54 48
80 24 28
61 1 84
58 10 40
7 8 46
9
68 31 89
97 38 6
67 21 63
82 96 22
16 20 52
45 73 99
76 48 79
36 48 14
94 9 6
11
11 52 17
30 82 57
27 71 62
45 91 76
26 38 49
93 57 100
37 81 51
12 29 81
100 28 94
93 37 99
96 5 1
3
93 77 61
71 99 22
15 41 49
17
48 93 78
50 37 86
82 74 66
76 37 46
26 36 74
79 80 10
93 75 14
85 3 26
7 1 99
74 41 47
18 70 95
54 7 94
79 25 44
16 70 25
3 95 52
83 4 30
9 69 60
22
89 12 46
47 64 44
20 5 90
89 26 36
43 85 30
21 9 73
88 78 49
43 25 53
77 80 34
85 1 93
96 46 96
60 90 84
16 31 31
93 67 2
77 96 91
85 20 85
15 20 57
39 24 45
18 57 39
18 1 15
16 49 99
5 32 47
18
73 35 14
17 53 68
46 48 10
30 67 94
96 87 50
86 10 46
56 19 84
25 71 98
40 19 49
44 3 95
31 16 52
83 35 76
83 44 44
49 37 89
87 39 19
49 36 66
19 20 52
89 69 59
23
23 8 69
18 10 63
100 77 66
35 12 41
17 7 85
17 96 73
56 34 43
4 21 61
74 92 64
62 61 22
21 81 4
30 44 78
59 61 48
22 2 47
28 38 33
75 62 49
8 57 18
29 17 73
20 32 28
32 53 1
13 8 62
8 38 83
68 85 64
14
95 21 83
75 10 16
49 24 16
9 32 33
89 100 5
60 31 32
44 83 32
8 42 46
67 79 80
34 63 95
7 98 69
68 13 15
91 80 89
22 13 90
20
90 21 69
49 3 53
44 85 36
51 27 33
17 57 12
3 20 7
61 17 75
28 81 41
71 12 82
44 76 71
65 45 72
19 49 61
4 84 9
82 17 5
38 80 55
9 86 24
77 12 26
9 53 86
21 34 65
96 56 35
19
95 92 27
13 40 39
68 76 99
1 44 3
91 75 58
51 13 81
28 24 58
88 28 95
8 13 59
56 20 46
99 98 24
91 36 70
18 35 82
61 37 2
87 46 2
99 26 44
23 35 95
2 29 74
15 40 61
11
28 34 85
26 84 60
16 19 29
33 53 62
45 42 15
32 87 69
30 65 12
4 99 58
58 80 31
24 19 44
9 3 16
23
68 92 14
36 11 42
68 15 55
65 56 70
96 43 90
77 7 1
33 5 59
90 84 41
13 54 84
21 8 99
13 21 93
75 14 61
89 21 96
45 42 15
39 31 79
45 31 26
1 41 3
37 34 87
90 69 28
50 68 92
70 12 12
36 72 76
56 19 2
11
87 97 34
25 27 64
69 9 90
21 50 44
57 35 30
99 3 57
48 22 48
69 34 11
4 57 39
59 76 40
7 61 82
28
44 33 24
64 42 13
85 43 8
93 77 37
91 79 45
90 53 44
59 86 55
62 42 45
73 17 36
79 29 18
12 53 37
5 17 81
99 25 44
75 13 80
5 58 73
57 1 15
42 7 5
36 3 63
4 39 76
33 56 48
37 44 27
53 76 90
29 20 94
42 51 92
51 23 18
3 90 22
62 94 31
64 8 24
19
63 2 83
47 9 31
83 53 57
87 28 46
16 99 91
9 2 82
11 76 51
13 65 24
26 58 54
90 65 78
43 48 88
52 30 50
56 38 96
35 35 30
86 25 17
87 58 84
62 8 44
27 31 54
36 37 18
4
85 53 66
27 52 53
30 81 55
85 18 2
2
48 72 52
83 57 28
27
96 26 95
78 79 8
14 48 86
79 91 22
32 27 74
38 54 77
39 83 57
70 20 26
69 91 29
51 99 8
76 93 44
6 100 39
54 38 16
96 59 82
23 84 60
28 60 43
62 68 80
81 93 71
23 73 40
73 80 61
65 23 11
17 13 39
54 80 44
64 61 49
99 73 97
10 15 19
77 47 98
21
44 21 17
66 45 8
39 24 68
55 98 31
23 62 69
28 41 64
43 2 13
41 26 9
50 40 79
78 38 28
50 6 38
94 14 81
17 33 47
66 63 37
27 31 43
68 95 18
21 59 97
46 67 40
37 97 32
27 24 34
32 61 11
21
6 97 42
23 30 40
88 92 76
67 75 70
86 21 39
6 79 36
3 97 27
91 93 58
17 16 43
49 76 6
45 69 18
26 8 23
70 35 45
44 5 85
16 43 3
94 30 88
42 56 45
34 14 47
1 56 89
76 13 6
45 30 6
2
28 52 53
97 39 97
13
35 92 43
22 59 37
18 52 67
64 93 22
53 78 87
10 78 95
15 5 7
16 49 37
95 53 89
43 43 37
34 85 70
92 73 56
95 39 30
17
63 39 13
67 68 51
76 45 45
90 50 4
57 50 40
52 54 80
94 96 16
80 32 37
23 5 93
70 95 22
8 59 20
76 10 82
72 6 48
21 9 23
23 48 64
76 79 73
72 95 24
9
100 55 31
23 59 75
92 6 48
51 64 68
26 25 49
98 31 49
70 39 23
92 39 87
20 17 11
26
54 91 11
54 97 94
28 8 20
19 13 68
69 28 87
47 53 87
96 35 35
65 73 58
9 11 96
28 80 6
70 90 91
66 35 96
73 7 1
37 26 28
65 12 46
69 98 67
3 85 13
27 94 60
90 89 24
69 46 32
10 88 11
97 35 80
3 36 46
28 63 70
91 61 7
40 27 23
3
97 24 91
23 17 50
64 57 25
9
19 32 54
99 42 93
96 38 28
65 92 63
23 19 77
97 9 37
39 100 15
35 24 57
10 92 58
3
43 73 1
61 5 6
11 98 99
6
40 58 87
16 75 78
53 97 48
19 94 8
76 84 7
33 71 82
14
26 67 80
31 9 4
81 70 60
6 32 57
45 90 95
13 64 24
65 12 71
35 5 78
10 41 85
95 11 18
61 90 43
70 45 68
91 5 51
74 13 31
9
85 63 8
97 26 31
13 38 54
48 94 31
9 34 67
55 96 85
68 37 27
37 82 47
79 86 49
21
19 52 98
56 67 57
52 92 40
17 81 93
16 27 75
76 12 94
31 8 30
98 44 8
86 25 6
16 62 54
19 12 85
85 68 55
29 59 10
61 51 14
87 78 82
51 71 97
58 52 24
53 59 6
78 65 3
91 18 40
2 54 7
16
10 70 9
90 80 70
51 31 83
89 60 64
39 82 12
48 33 36
1 91 41
30 7 96
20 77 87
22 82 94
43 90 19
22 60 80
4 94 70
63 58 72
96 69 60
28 4 99
6
98 71 97
27 77 92
99 5 78
72 87 71
14 28 41
87 39 73
14
65 43 33
24 57 90
74 53 10
72 80 66
69 2 62
48 31 5
46 35 82
17 73 5
82 1 97
20 39 69
14 71 62
71 12 78
23 22 54
54 39 27
30
71 56 100
18 86 4
15 72 37
83 45 41
16 97 38
87 87 58
1 58 72
71 21 49
45 94 2
98 32 81
5 83 82
90 86 52
14 75 21
58 15 87
6 4 21
92 62 36
1 85 23
22 33 23
67 87 45
99 19 89
81 100 38
19 4 43
93 24 84
59 63 49
63 83 58
76 19 63
60 93 55
44 67 7
82 11 80
100 51 47
5
77 100 88
95 3 82
87 78 18
46 40 66
60 23 24
6
92 87 93
51 46 85
30 41 51
76 23 13
20 22 63
97 73 50
4
1 43 27
66 30 5
41 27 96
79 86 18
22
46 70 72
48 20 69
60 50 61
74 77 83
76 49 57
59 45 29
59 39 56
76 68 12
69 46 7
47 83 77
68 6 38
88 26 36
89 87 35
17 21 47
65 77 20
61 6 95
100 13 5
19 24 63
65 82 91
99 58 59
5 48 57
30 35 24
3
3 68 69
20 89 67
84 65 87
23
38 45 22
52 96 86
94 14 61
52 30 43
60 29 52
84 85 51
46 14 85
49 34 6
68 22 72
3 86 10
99 60 43
94 45 80
8 58 83
89 100 77
17 3 80
1 54 40
67 90 23
100 47 68
21 19 68
58 80 87
69 22 42
66 53 40
23 88 34
3
81 74 64
50 28 43
50 33 82
6
76 68 23
43 67 69
82 39 39
23 97 71
62 17 92
47 82 97
6
99 91 56
93 24 29
27 73 57
82 74 89
57 42 63
52 60 84
2
92 85 99
36 7 47
3
97 84 20
52 19 19
81 69 9
2
56 89 61
30 29 87
21
29 23 92
80 82 75
16 32 48
22 78 92
42 93 79
60 89 14
20 40 84
4 72 4
59 12 64
88 41 3
62 32 23
44 58 3
75 57 35
5 100 50
97 30 72
37 43 65
28 78 76
52 81 47
63 97 50
3 51 9
86 25 48
20
5 43 27
31 52 61
35 51 11
83 81 34
71 75 50
99 5 77
50 85 23
12 33 73
67 83 33
52 59 80
47 86 41
98 98 97
100 8 28
32 93 14
59 42 49
63 18 19
99 93 69
84 65 70
18 97 82
77 28 100
21
49 62 21
98 59 17
98 19 44
81 11 10
91 5 58
5 74 28
4 66 97
39 82 66
56 30 99
32 10 98
45 30 1
4 46 49
74 42 47
36 3 96
92 60 28
66 87 19
83 35 23
65 1 78
94 51 16
3 49 72
32 49 55
30
55 30 49
28 23 95
15 25 42
7 84 70
24 22 40
6 57 62
70 9 92
64 59 7
18 59 30
2 59 37
31 8 36
5 2 90
29 96 69
64 65 35
37 4 41
45 17 64
53 8 70
64 67 91
22 48 54
81 84 24
88 71 25
41 12 7
36 32 11
52 67 39
55 59 54
24 23 90
83 44 35
49 34 39
49 40 2
84 63 24
16
43 55 39
35 66 45
71 98 55
22 16 45
29 74 98
4 48 39
86 43 25
87 29 64
35 68 65
18 82 40
24 72 95
90 16 89
39 22 24
54 66 46
79 15 67
27 5 47
10
88 69 30
74 97 93
60 16 57
77 49 49
53 20 43
94 87 32
32 8 7
37 25 52
15 39 70
93 44 17
18
5 62 25
30 10 17
89 78 25
18 26 73
70 46 68
63 32 99
46 92 5
82 16 56
48 55 77
41 50 93
54 74 63
63 42 19
40 66 49
18 39 37
15 6 54
98 56 23
89 12 85
5 19 82
23
63 11 95
3 12 40
8 37 2
70 78 20
62 43 68
79 33 57
45 90 10
42 97 85
31 8 69
87 26 51
97 73 65
60 12 27
96 65 81
73 84 88
67 4 10
100 12 71
41 21 1
38 5 97
45 26 38
23 28 20
95 44 6
58 71 54
22 3 13
18
32 57 91
99 60 52
50 71 22
90 44 74
27 100 22
72 25 59
46 4 79
92 48 36
49 70 90
70 72 54
26 14 14
38 65 45
60 38 43
55 63 92
55 84 82
79 43 60
83 73 83
82 60 28
19
19 51 49
88 22 55
66 88 68
55 52 12
66 90 7
21 52 50
75 36 83
5 30 43
39 2 25
20 61 53
22 62 23
96 68 94
83 35 33
34 98 98
75 56 4
27 6 70
14 88 42
43 82 68
96 7 24
3
34 8 11
8 21 85
3 88 78
1
60 85 74
14
31 64 70
36 85 45
76 78 23
57 45 36
15 68 30
25 82 25
10 68 84
87 75 5
97 77 44
57 13 70
72 82 93
8 78 23
85 100 11
29 87 38
16
61 48 16
85 30 92
94 49 76
33 23 32
81 51 27
89 15 96
12 48 40
19 26 15
3 77 77
83 64 14
31 31 59
12 23 19
60 50 56
34 33 1
36 11 33
2 7 66
4
18 49 98
36 26 64
39 55 40
21 18 53
24
34 51 100
89 14 22
90 73 23
74 58 7
39 93 18
45 94 76
62 95 73
97 72 37
87 26 28
8 43 33
10 95 96
76 68 81
100 91 70
58 49 59
2 66 84
48 41 23
94 66 19
65 54 32
91 33 80
85 65 67
79 12 26
47 93 87
37 62 62
85 72 62
1
72 3 55
29
99 71 95
30 64 12
10 29 17
28 19 50
53 3 14
91 82 78
53 28 70
66 16 31
36 52 54
59 6 60
30 1 41
93 12 39
73 81 21
91 30 30
94 95 9
27 72 61
54 41 51
21 23 55
72 28 20
78 88 7
30 28 66
93 18 47
73 38 39
54 19 12
1 27 54
72 39 99
65 42 25
39 96 30
67 68 2
16
55 6 74
84 85 91
28 2 37
1 92 28
6 62 91
6 41 44
30 31 43
94 72 19
32 20 1
50 87 2
55 12 27
39 3 81
93 91 64
84 18 92
97 8 44
37 4 1
27
36 68 98
81 39 16
12 10 68
14 96 70
68 60 96
7 14 77
99 4 92
34 74 35
30 33 30
67 36 83
86 85 89
76 1 76
86 20 56
33 89 19
92 37 84
57 65 52
61 56 10
86 43 60
18 24 93
54 6 74
38 46 92
90 21 77
10 28 53
50 99 90
86 82 22
50 85 66
58 94 22
12
67 52 53
85 75 97
90 33 71
79 78 62
21 51 39
82 30 43
31 80 32
69 14 5
18 98 70
27 44 92
78 96 73
5 93 92
8
69 37 63
47 66 76
19 16 66
100 98 8
83 77 91
51 90 96
20 40 17
47 83 8
23
24 24 78
3 28 22
71 16 36
69 82 12
40 97 77
91 46 37
73 23 79
75 64 26
95 3 43
41 37 50
16 67 82
96 88 57
11 76 11
92 87 33
41 15 54
86 3 93
60 34 83
24 59 8
78 53 82
67 3 76
33 36 68
20 45 36
47 7 31
13
85 33 40
77 100 45
14 54 37
74 87 71
49 98 78
78 50 60
44 4 87
76 92 55
48 36 90
94 94 72
79 33 64
30 77 100
83 65 76
12
15 22 36
63 19 65
92 20 24
36 24 11
11 15 17
10 2 58
4 95 29
34 80 44
63 8 96
97 73 23
18 60 64
88 24 78
12
84 8 48
71 31 10
81 97 78
43 98 35
46 92 15
79 71 10
93 31 5
89 3 28
7 62 91
94 37 21
53 36 64
35 45 47
27
50 31 22
92 28 8
89 72 22
67 94 32
59 24 88
99 78 15
5 91 58
51 28 78
55 63 41
90 60 40
20 81 8
48 41 57
71 62 100
64 45 88
40 33 6
17 99 16
8 8 15
35 85 71
97 78 21
56 69 76
89 76 17
29 85 36
42 36 35
39 24 5
71 81 21
21 97 60
29 63 76
13
17 65 33
66 94 6
73 62 33
13 90 49
41 74 84
35 9 71
73 84 75
95 65 47
15 13 6
95 27 82
60 59 16
53 16 85
67 48 2
24
39 56 48
31 81 84
65 41 54
37 77 80
31 93 27
98 5 32
92 31 65
3 41 81
56 57 17
74 56 18
29 4 43
61 87 81
1 40 12
29 71 28
21 97 65
77 29 47
59 45 96
100 77 88
8 93 42
63 62 97
18 5 70
4 37 50
95 100 10
66 28 63
1
12 14 44
12
38 40 94
77 99 39
18 98 15
67 57 60
88 71 21
90 89 77
99 44 66
13 39 17
56 56 44
19 69 39
58 63 81
56 53 70
8
15 5 19
33 61 78
21 32 51
10 72 79
60 15 44
25 5 13
80 12 56
98 33 95
7
96 55 47
45 11 99
59 67 17
44 80 47
16 63 97
25 34 75
36 48 71
23
90 60 5
36 91 16
14 88 48
61 43 94
5 5 44
16 23 61
59 2 7
74 64 55
50 49 81
85 49 3
97 53 37
87 20 27
27 20 14
21 13 28
25 9 88
99 21 93
53 27 60
16 33 18
17 13 91
65 16 92
69 52 76
88 30 24
7 44 63
19
9 72 23
85 80 10
83 100 54
35 78 13
3 10 82
19 74 24
35 41 15
3 93 43
42 74 66
1 17 28
72 91 68
3 53 76
54 58 60
83 71 95
44 4 29
17 28 83
58 42 53
2 84 87
75 2 41
3
83 44 81
6 86 49
60 38 24
26
30 13 96
10 47 18
45 90 21
97 58 48
36 67 42
76 68 77
58 95 78
92 90 59
97 75 59
56 13 34
20 8 69
66 77 50
7 97 12
65 97 8
83 90 4
51 66 39
97 96 15
86 6 24
12 64 16
24 49 64
83 70 20
11 19 91
60 82 9
8 89 15
97 45 31
14 83 14
26
64 9 49
49 14 73
12 29 40
88 78 3
22 47 74
33 17 17
92 51 25
99 91 91
47 35 22
60 70 87
69 18 2
34 42 65
15 33 65
44 36 76
42 61 15
58 29 37
60 53 69
51 44 12
85 17 62
54 3 8
24 56 67
65 20 87
98 36 73
85 63 87
97 78 82
26 14 23
12
92 30 34
42 25 97
78 41 58
32 95 65
55 2 83
71 21 70
20 8 42
4 71 80
53 100 61
30 13 83
59 98 66
84 94 57
10
28 76 3
59 23 67
65 24 1
35 97 70
55 4 63
10 26 94
62 25 54
43 89 88
2 38 54
37 83 62
22
39 64 85
49 38 3
13 62 4
99 10 25
5 65 40
67 91 33
80 67 39
23 8 78
76 45 83
12 80 45
27 64 8
65 19 98
26 74 46
35 50 10
99 89 60
41 74 17
60 12 83
67 89 62
63 24 36
42 68 11
58 27 22
28 24 49
23
90 1 69
76 50 30
26 91 89
19 64 5
78 75 39
44 15 53
58 38 88
52 57 99
9 83 20
88 6 20
88 26 84
89 7 25
31 48 100
94 4 78
20 43 96
87 95 73
24 82 68
33 80 25
67 52 28
25 23 36
50 59 23
9 83 62
56 83 3
25
79 59 60
50 1 7
36 95 79
12 29 46
44 60 22
10 11 2
86 86 37
88 44 12
96 26 25
51 60 79
9 71 64
62 77 94
8 55 43
36 52 31
48 26 42
10 27 37
95 15 98
38 78 84
16 55 71
27 85 66
98 48 68
26 41 28
33 36 89
84 66 49
61 59 36
13
93 39 95
87 6 92
77 35 27
44 89 97
70 74 14
67 73 81
93 66 9
25 1 49
60 18 97
73 76 33
63 70 15
20 13 7
55 40 46
2
65 95 88
34 68 2
24
42 53 93
43 97 58
39 73 10
71 84 27
38 8 2
44 23 23
41 42 35
62 96 26
78 43 14
64 10 67
16 54 100
64 11 94
88 20 36
23 98 26
31 99 49
53 73 86
46 60 81
42 85 22
84 50 83
45 16 13
51 68 76
13 13 43
33 100 6
82 25 45
27
97 33 73
1 5 10
47 64 91
40 1 12
75 50 46
71 18 10
21 37 85
34 49 27
18 100 84
51 76 28
83 49 47
40 10 95
3 100 96
3 63 94
5 61 85
74 70 11
10 7 81
10 85 54
9 21 39
84 48 8
84 46 58
94 41 93
45 36 32
60 81 86
72 65 41
93 27 45
99 7 70
19
88 36 12
48 56 2
31 55 61
67 1 19
60 41 63
56 28 46
15 60 31
38 76 71
31 2 67
81 8 36
16 72 66
71 25 53
26 86 52
78 56 83
18 18 49
97 63 60
56 93 67
31 16 34
32 34 71
23
34 91 22
1 62 87
72 87 92
49 24 43
26 79 77
95 96 77
91 10 88
46 2 55
76 69 88
59 55 10
49 76 63
63 62 96
1 5 48
24 48 19
2 76 19
49 53 44
58 40 38
11 46 80
80 33 25
34 95 52
61 57 62
74 4 11
79 51 25
15
48 78 22
1 53 40
49 57 36
58 97 25
68 42 5
99 27 81
84 73 85
44 29 46
18 84 8
48 86 32
77 7 56
29 99 55
86 34 55
34 10 55
27 14 12
2
30 5 47
14 77 31
28
36 57 57
67 26 40
23 25 78
29 1 84
36 82 34
90 19 19
54 4 29
85 30 42
14 87 40
79 63 70
88 20 98
65 11 33
90 40 51
42 24 73
23 9 2
41 28 89
44 56 78
26 49 83
12 89 19
26 10 85
45 7 63
8 91 2
47 42 67
22 66 56
31 19 97
10 7 72
65 37 12
65 19 8
13
44 53 90
69 63 74
66 21 88
25 64 90
23 57 56
97 22 63
79 41 11
88 99 82
4 35 46
68 6 53
73 95 37
87 20 32
7 7 52
9
93 22 48
68 78 3
64 100 17
42 92 28
81 90 61
84 77 6
3 34 10
75 80 46
61 99 77
29
97 20 57
42 93 5
9 71 59
24 22 28
17 13 55
97 54 67
32 82 73
86 15 82
13 94 28
25 44 56
44 1 84
37 57 33
59 15 74
80 42 34
44 48 57
97 15 25
31 39 21
45 72 4
91 51 41
34 7 53
34 42 78
90 74 73
57 99 61
50 32 19
98 40 98
64 16 93
54 88 90
25 91 72
76 32 68
8
44 82 84
77 23 13
19 49 86
27 47 46
76 31 17
25 22 66
40 38 59
93 25 100
21
38 18 68
48 93 51
91 26 86
19 48 99
89 48 36
15 47 33
43 29 49
19 2 15
11 39 25
3 16 24
72 35 46
64 37 83
41 22 82
41 72 72
88 7 43
34 92 31
14 40 98
16 6 92
54 30 62
21 5 72
7 50 75
18
14 43 85
54 17 66
94 88 90
34 47 32
19 38 14
33 29 11
48 35 54
53 64 16
26 69 87
32 70 13
75 54 11
43 20 24
82 61 29
28 92 23
17 5 8
46 68 26
80 21 58
95 36 5
28
83 15 75
66 37 87
92 90 49
34 61 24
16 21 53
95 64 27
12 69 34
57 88 59
88 8 17
34 96 73
1 70 30
37 8 64
26 57 30
39 32 21
59 84 55
23 62 22
43 95 16
30 6 27
89 74 35
84 46 74
5 28 60
13 43 60
69 72 48
100 45 25
36 51 63
97 72 74
44 87 96
1 66 90
9
7 74 52
43 71 26
47 98 85
59 41 96
79 64 95
31 8 19
66 10 34
14 81 7
9 20 54
13
61 9 37
19 34 88
61 5 65
8 54 1
66 46 48
45 10 42
27 69 13
44 79 46
9 11 52
18 82 57
78 18 99
12 58 59
68 74 77
30
97 73 75
14 19 74
58 80 16
36 100 28
79 30 25
88 41 28
57 74 84
34 92 82
97 1 92
16 74 20
89 100 9
59 74 5
38 89 19
89 68 28
19 44 64
59 71 94
84 54 81
27 87 37
27 78 23
53 97 71
52 6 39
25 62 27
65 80 37
84 60 74
27 23 62
49 16 80
54 49 90
92 37 26
69 11 52
18 82 79
3
34 23 72
11 36 98
27 16 34
19
72 63 75
4 41 49
45 90 16
70 95 16
22 87 53
52 7 15
34 24 48
19 98 19
29 34 68
8 1 1
70 75 11
10 75 83
51 90 38
46 58 82
84 10 52
90 76 25
14 24 76
63 42 61
96 10 79
18
67 96 62
36 22 73
97 48 7
48 90 44
45 47 77
28 8 80
69 83 4
34 6 31
97 48 91
92 9 70
40 70 29
13 94 95
61 100 82
50 95 78
48 24 77
55 3 73
37 7 100
43 37 21
14
50 42 80
94 2 49
33 71 29
97 17 23
57 16 4
58 63 33
5 86 10
59 40 82
96 46 34
90 35 6
83 66 59
84 14 61
6 42 54
22 16 38
24
43 90 71
100 4 3
5 41 64
15 80 98
10 78 31
51 64 36
85 29 46
20 94 6
78 87 59
99 2 48
40 24 34
43 26 76
83 42 75
15 39 31
92 69 46
55 56 7
35 1 10
28 7 94
14 17 66
67 17 43
90 50 93
67 25 33
8 51 75
46 82 10
4
67 66 79
73 73 85
7 74 46
86 32 92
17
51 51 100
43 17 68
75 58 17
2 76 93
11 36 44
86 33 77
4 99 7
76 23 43
82 48 89
19 79 80
69 31 36
37 98 86
46 67 80
21 59 55
56 54 56
41 82 18
91 88 55
28
85 13 31
18 61 71
36 91 50
4 73 37
92 71 74
37 89 53
9 47 7
17 53 14
57 86 83
47 74 89
59 56 46
71 26 30
62 27 47
34 63 82
56 36 37
96 40 80
95 47 16
47 12 77
32 47 93
57 35 49
64 81 47
89 62 57
15 61 28
29 94 41
16 83 74
56 62 82
54 78 77
17 6 71
29
1 63 98
9 98 98
73 30 44
13 91 52
80 51 79
8 45 19
24 27 45
31 40 78
84 69 54
100 74 77
63 71 45
12 20 97
41 15 58
31 67 30
34 45 42
30 16 21
8 60 81
47 89 56
16 94 86
89 70 21
12 67 72
83 15 86
98 72 97
64 53 37
60 47 20
75 19 53
86 99 34
26 6 41
20 43 87
24
95 89 15
6 7 87
88 22 24
37 45 21
100 98 9
12 44 28
38 62 32
76 13 65
1 18 5
20 61 44
61 75 49
67 13 43
88 37 100
33 57 40
82 17 76
25 97 76
86 28 39
98 45 76
68 1 51
28 96 52
54 45 23
67 87 83
55 87 50
63 26 89
13
54 79 1
78 75 28
16 55 18
65 99 94
32 99 96
11 95 99
17 91 22
35 77 4
89 15 5
51 40 94
29 93 66
56 72 20
10 90 49
26
81 8 83
64 58 30
27 4 29
95 94 50
29 23 5
17 37 10
19 29 55
99 21 20
54 44 91
63 33 40
22 67 7
32 97 87
87 77 3
33 78 81
55 82 75
43 43 3
71 49 71
43 21 41
87 11 39
71 2 93
38 9 7
86 47 81
62 1 64
91 81 50
72 55 34
67 9 88
11
53 67 31
96 87 71
82 98 62
52 51 54
41 11 12
78 58 44
39 58 7
29 91 9
53 45 42
71 6 82
37 88 64
26
11 76 11
44 73 72
48 75 77
40 86 88
18 95 84
8 52 90
89 42 50
41 39 44
63 96 25
51 83 40
26 93 55
50 64 18
25 92 13
62 80 12
56 63 52
59 4 69
1 6 28
91 49 16
38 25 8
20 64 70
65 70 73
80 87 98
72 52 48
3 63 24
65 14 85
20 34 40
10
2 25 14
92 25 29
29 49 37
1 12 58
65 82 30
96 20 28
67 71 27
69 34 50
85 99 86
5 85 77
26
28 81 98
71 6 26
52 54 14
52 18 72
68 51 1
63 70 80
82 41 6
50 26 7
87 76 44
91 60 20
23 57 98
28 35 25
34 100 47
51 71 98
1 24 1
22 3 20
62 61 83
39 67 16
15 11 17
26 82 3
35 79 45
69 55 68
20 2 47
91 51 80
14 52 82
68 71 34
26
69 28 5
8 95 72
74 57 89
99 90 91
33 69 88
53 75 55
73 76 53
15 79 33
28 82 66
95 4 100
75 61 55
69 32 23
77 20 82
66 63 55
86 50 6
61 56 90
88 8 43
66 92 67
47 10 81
51 9 8
11 63 54
94 37 28
66 71 48
28 77 76
29 82 94
36 72 79
29
79 95 66
44 87 32
43 96 12
45 56 71
7 70 76
100 6 56
65 28 3
44 5 31
72 38 24
59 61 2
54 26 93
40 9 23
87 20 66
94 42 60
63 70 4
20 25 10
48 79 62
4 9 26
41 84 22
2 38 45
79 30 4
88 52 57
59 69 48
53 29 86
22 32 79
46 94 41
24 55 12
85 32 59
68 53 14
5
8 5 98
38 86 1
25 89 9
36 10 56
88 90 41
19
11 9 73
22 54 66
33 29 72
46 65 4
52 33 8
11 89 5
49 27 57
25 67 65
60 76 72
47 65 12
7 38 82
12 55 44
41 27 66
57 30 50
41 89 47
30 46 51
8 2 61
74 19 61
2 42 38
7
96 66 6
2 55 87
14 10 31
6 36 48
62 17 49
55 5 95
84 50 45
28
70 43 4
7 16 74
56 69 15
51 35 20
4 41 59
69 2 41
26 89 40
40 5 88
94 62 34
29 63 31
71 18 40
38 43 9
7 10 68
93 81 23
33 39 25
35 31 80
23 70 49
80 9 26
93 95 65
7 25 58
77 64 86
19 24 8
28 91 46
9 65 4
99 41 96
30 21 80
51 21 66
60 46 41
2
16 54 11
22 30 20
18
65 98 45
62 17 68
17 96 11
12 4 27
44 3 68
61 32 40
53 34 60
24 93 5
39 98 67
61 27 87
10 71 44
78 91 60
74 53 22
77 79 38
31 98 2
14 37 97
48 96 57
40 53 62
25
76 90 19
88 16 5
97 39 100
75 29 60
48 33 33
76 11 70
7 61 23
20 97 71
19 45 80
11 97 41
100 15 25
15 72 100
5 71 87
85 82 36
17 14 10
80 36 9
40 10 84
36 81 42
80 60 14
28 100 32
43 24 42
66 76 93
36 14 60
18 49 64
83 58 49
25
44 18 18
83 28 54
71 8 95
2 19 60
30 18 44
24 93 37
89 68 30
24 34 89
93 82 52
28 92 100
97 9 17
24 62 12
83 9 95
1 20 17
70 63 18
63 100 99
82 29 22
15 69 62
97 20 38
40 72 30
48 40 9
62 51 6
22 45 29
41 13 64
4 83 16
26
100 3 81
33 83 55
48 51 16
96 22 53
35 45 35
34 84 43
95 35 48
68 31 29
9 44 44
12 78 59
66 58 96
100 64 47
2 32 80
23 84 27
20 70 74
3 13 60
89 12 93
20 92 40
15 35 7
92 46 67
1 93 78
17 40 95
48 19 94
83 97 95
53 22 70
17 81 41
13
84 80 25
3 72 16
69 6 75
12 3 41
64 96 71
80 35 65
27 5 11
62 1 57
14 22 78
82 54 18
61 78 13
32 94 96
90 20 50
18
81 92 60
44 39 30
24 25 47
2 29 57
63 29 13
28 2 43
9 55 60
22 33 72
5 78 19
94 97 68
38 8 37
76 38 17
1 36 61
81 92 36
10 56 89
63 98 4
18 10 31
2 33 92
15
69 31 52
63 27 19
52 34 8
79 23 24
31 58 36
12 1 23
73 9 12
35 58 15
4 67 97
5 100 40
87 51 4
13 21 73
99 28 87
73 4 38
83 91 68
19
10 35 66
34 43 77
68 1 43
24 67 91
80 18 31
67 68 86
79 89 58
29 68 96
54 23 85
36 14 53
70 79 51
65 7 12
65 1 45
83 91 64
1 73 87
68 59 67
8 68 33
28 64 63
50 100 44
17
84 15 52
5 45 2
69 3 65
85 3 61
68 46 25
68 70 63
87 28 81
47 48 65
26 63 80
27 62 23
94 14 71
38 67 6
93 32 10
47 92 31
92 68 15
62 31 34
41 63 53
30
38 40 28
63 2 7
89 64 81
34 29 3
72 95 8
16 78 69
62 22 51
6 89 66
19 71 99
11 34 52
51 13 43
52 19 32
67 51 46
95 53 86
42 12 20
19 32 43
40 83 58
81 100 71
51 98 76
36 1 46
100 95 57
70 78 59
20 23 62
24 9 29
35 28 75
19 70 16
1 27 35
100 49 26
49 25 58
2 22 61
16
96 48 30
17 26 88
37 48 2
60 56 30
47 83 4
65 4 72
17 82 58
16 31 83
16 7 93
17 28 53
17 10 100
42 49 47
89 50 64
97 79 100
79 35 11
35 58 9
5
41 16 15
8 46 49
76 52 41
44 32 93
60 41 93
9
2 1 41
53 90 91
64 86 21
24 16 7
49 50 64
41 18 78
49 63 27
76 67 67
19 50 12
16
94 79 42
48 79 82
100 20 72
15 57 93
91 25 99
39 26 15
79 43 92
79 58 18
54 76 37
25 25 100
3 66 55
33 99 100
5 71 99
13 15 51
37 65 65
15 79 55
15
76 9 23
54 66 92
60 93 80
84 69 79
38 34 85
70 85 85
26 55 83
39 21 33
75 37 50
41 16 56
50 38 53
67 29 28
60 61 81
28 39 92
14 24 75
4
34 98 60
11 4 94
49 24 79
76 60 80
17
39 16 27
66 65 16
99 84 97
90 43 57
17 22 47
80 35 22
65 32 81
76 87 27
76 10 57
51 22 36
19 100 22
83 16 61
18 64 26
60 72 24
82 18 66
68 40 82
100 72 61
28
5 86 50
80 48 6
31 21 41
49 20 63
83 87 75
1 2 100
60 73 76
93 43 41
61 82 74
12 5 34
49 55 63
48 60 67
68 53 47
40 15 77
78 41 77
80 92 59
4 67 59
46 59 71
79 32 15
84 18 27
38 80 38
49 99 39
1 45 38
67 73 6
7 49 97
99 7 74
17 18 5
28 40 9
26
85 59 6
68 28 33
57 60 22
5 58 12
58 2 50
24 26 7
31 74 3
81 32 28
49 1 33
76 92 93
87 98 98
14 82 34
25 3 1
82 15 9
35 64 66
60 70 23
85 24 46
17 51 28
69 35 60
61 79 61
10 77 36
91 10 74
93 63 40
59 71 64
74 88 46
95 10 32
12
28 18 8
96 21 87
65 55 99
77 34 59
86 62 46
76 23 20
68 85 59
79 8 74
52 47 71
47 9 3
64 16 46
36 54 73
9
85 43 4
61 76 62
46 89 8
21 11 79
40 48 89
18 7 62
70 5 33
16 13 87
31 80 32
6
24 67 34
8 9 37
68 36 51
65 76 10
85 38 40
77 37 28
11
25 94 95
11 63 100
94 30 12
50 13 92
25 31 77
85 91 65
4 78 67
69 53 76
5 42 15
81 79 94
75 25 35
1
22 89 24
28
31 67 71
59 68 35
23 93 65
90 77 55
17 80 32
84 48 36
77 53 77
63 85 7
74 11 32
47 52 7
13 22 94
81 56 24
73 72 82
1 78 57
80 9 98
80 96 14
84 24 49
68 31 26
79 14 88
30 20 61
3 14 7
10 89 72
81 23 4
58 79 76
18 28 28
65 93 7
88 42 38
70 67 21
9
19 83 6
100 55 67
2 68 25
11 8 96
43 30 99
52 60 26
69 39 53
33 32 12
72 73 49
10
10 42 91
28 76 96
79 30 14
80 49 39
42 57 34
36 38 85
87 98 62
55 36 67
39 19 78
10 43 78
27
8 3 33
87 79 29
65 8 94
96 57 32
37 65 18
24 2 2
10 51 15
16 87 81
54 57 58
16 100 36
18 32 34
96 12 94
56 6 80
64 89 97
28 6 92
29 59 81
80 74 4
18 54 14
74 12 29
73 99 35
57 84 2
20 77 19
77 9 67
66 5 74
71 96 37
30 76 64
55 32 92
13
40 8 45
14 71 25
38 69 11
46 5 12
66 81 83
94 89 1
59 45 74
82 41 10
63 68 25
17 99 16
24 95 39
47 72 30
15 82 95
23
30 71 46
47 52 28
41 92 28
51 89 53
32 81 14
46 48 38
62 99 5
38 45 95
84 68 25
50 2 19
21 47 3
24 26 33
67 5 79
55 57 19
87 22 22
87 59 53
37 63 51
81 10 12
1 34 1
2 52 36
100 7 86
25 39 58
29 17 33
11
58 37 88
44 10 61
30 68 13
66 82 15
99 91 27
99 76 79
100 80 15
99 86 52
75 24 61
55 92 93
91 31 95
12
96 100 91
77 19 56
43 52 70
41 95 48
39 70 27
90 1 93
40 86 44
14 61 56
68 5 100
10 87 94
61 30 46
31 85 93
9
11 82 6
3 76 6
93 98 84
34 98 76
73 36 71
38 96 26
57 100 77
66 39 70
78 68 67
29
80 60 4
90 42 9
45 69 66
37 18 49
23 16 76
95 51 46
33 98 23
89 50 99
7 88 21
36 55 87
96 58 46
89 18 25
9 84 66
27 84 62
94 60 99
96 57 21
93 32 67
42 30 51
81 50 92
35 89 50
44 34 85
62 10 32
97 27 72
80 89 81
91 39 7
48 11 52
79 77 47
60 80 39
62 71 33
3
48 50 20
43 35 56
56 44 88
29
91 52 22
49 84 10
100 74 48
46 73 10
85 51 87
69 11 18
81 72 88
80 21 59
23 55 14
30 50 53
34 23 64
17 33 54
42 32 3
15 42 2
17 80 100
27 97 36
50 36 4
70 94 84
76 7 16
77 12 90
100 75 19
84 80 52
15 82 20
8 36 14
39 35 28
87 70 44
22 25 23
15 8 72
74 75 94
21
98 37 64
49 11 35
32 42 86
98 76 58
58 11 71
96 97 50
83 18 45
4 42 67
71 1 91
96 76 84
32 39 4
94 73 53
35 11 1
10 68 84
72 90 82
68 39 91
37 35 86
78 2 20
79 92 76
6 27 98
96 30 93
16
69 69 83
55 31 35
17 50 19
40 91 52
8 29 42
96 15 79
74 16 99
4 59 74
9 85 71
4 67 15
24 1 90
54 35 58
55 53 64
45 4 80
25 97 20
40 76 79
4
99 7 74
2 66 99
10 2 69
14 20 83
4
33 89 20
96 43 55
28 49 59
99 46 15
1
86 29 70
21
68 11 54
85 9 53
38 29 6
58 63 68
77 86 33
31 18 21
42 66 15
56 45 64
66 43 9
4 23 30
14 76 91
23 80 10
3 86 46
66 5 83
3 37 40
73 57 69
38 72 51
82 35 92
76 95 47
98 24 13
73 66 16
1
55 5 75
30
3 58 90
94 23 94
14 77 30
65 49 38
8 86 9
55 19 95
19 94 89
86 91 13
66 16 78
21 20 5
78 9 24
52 54 78
28 35 24
29 72 89
14 33 53
33 27 13
26 16 67
69 80 37
84 9 22
3 65 39
63 41 11
68 18 40
2 93 91
25 82 71
57 86 99
36 98 64
3 16 48
34 52 26
42 25 94
59 64 77
1
93 99 74
4
56 60 68
78 13 61
28 37 94
92 46 31
9
96 91 33
48 16 35
72 9 68
87 37 61
61 67 19
26 11 17
81 22 85
59 34 97
38 23 42
2
100 81 68
48 72 100
26
53 95 87
65 18 48
84 5 84
52 17 3
88 42 65
84 74 87
25 84 20
49 22 42
48 2 61
47 73 12
41 60 97
11 59 1
15 94 18
83 48 1
24 13 4
97 99 92
33 70 27
54 64 4
7 76 52
80 88 51
91 36 98
49 89 38
42 6 100
90 58 14
54 61 96
4 4 71
30
52 25 31
57 88 34
63 64 85
94 3 35
84 90 84
84 78 74
78 83 73
19 40 87
72 53 34
27 56 57
51 86 28
91 71 79
54 7 87
8 94 49
97 77 43
75 50 78
9 23 14
1 61 91
53 46 9
8 2 32
46 29 58
16 59 60
23 97 50
16 98 55
44 40 62
94 69 11
68 82 37
28 24 45
73 32 97
27 15 49
9
54 7 72
21 18 32
43 14 33
10 11 88
54 2 49
99 71 11
66 4 47
93 28 44
17 11 40
21
49 95 26
2 2 97
22 19 80
17 32 13
78 43 52
31 44 52
81 66 63
46 22 61
90 49 4
59 59 96
53 84 36
54 33 36
24 64 37
56 28 10
50 79 26
45 31 56
63 45 86
84 5 19
84 9 64
42 56 6
78 43 64
6
70 62 78
93 77 66
100 5 75
1 35 53
46 17 8
8 61 45
3
79 43 66
84 26 26
47 19 81
5
52 62 48
17 83 9
43 28 38
95 79 42
54 80 28
5
5 99 77
22 13 36
47 91 78
79 26 3
53 72 73
21
81 4 34
18 72 68
59 15 95
39 61 74
83 15 5
39 65 81
61 29 16
7 20 93
38 45 47
90 69 19
46 54 91
17 21 72
31 68 89
92 41 100
58 97 38
22 77 72
50 92 62
21 36 22
18 34 81
86 4 18
39 95 59
14
21 11 66
3 78 6
46 70 5
3 66 94
76 42 65
78 85 79
50 72 100
67 5 32
4 9 1
94 55 60
57 72 63
34 77 35
4 34 38
21 27 83
18
13 15 44
42 99 22
92 23 73
10 27 57
66 87 57
59 93 68
15 64 83
1 41 17
56 74 6
76 52 41
42 95 78
93 68 42
15 41 84
93 97 75
80 5 36
72 73 1
88 7 12
80 23 78
8
85 53 81
13 56 21
54 51 98
46 18 39
12 10 74
5 58 100
36 63 36
59 87 36
27
25 46 93
54 25 67
39 29 47
51 85 67
56 87 16
54 56 55
65 66 80
21 23 80
56 37 15
67 23 2
12 67 49
89 34 25
17 32 30
53 99 20
39 14 22
47 20 78
12 100 31
86 31 47
23 45 68
97 46 75
64 46 41
49 22 53
80 52 93
30 23 9
96 45 14
67 22 4
18 4 50
3
99 48 50
73 92 69
69 90 44
16
40 84 35
32 84 57
93 16 60
6 97 82
9 92 78
11 59 99
23 76 54
21 24 56
45 67 24
14 56 19
49 43 55
85 51 46
100 10 78
48 43 70
40 21 27
50 71 35
17
20 77 77
40 100 32
37 19 7
50 74 78
50 68 32
86 18 29
37 79 6
85 74 75
24 94 53
25 16 40
1 92 36
53 23 55
71 82 47
96 59 83
64 42 84
33 70 85
12 76 71
0
