3.25
18.90
19.70
20.65
24.70
26.30
27.05
27.10
28.15
29.20
29.70
38.85
41.60
42.95
45.75
48.60
48.70
49.50
53.25
54.10
56.45
58.35
60.25
69.55
70.75
78.60
78.90
82.00
90.95
92.05
100.95
107.30
107.45
108.25
111.10
122.65
123.35
125.45
126.95
127.45
130.30
131.00
137.50
139.10
141.55
142.15
142.70
143.95
150.35
154.20
157.65
159.45
162.80
162.90
163.95
168.25
169.20
173.60
174.75
178.35
188.80
190.75
204.65
206.20
209.05
209.35
211.35
213.40
216.05
217.10
217.40
220.75
223.00
232.60
237.35
243.50
246.90
254.20
254.30
255.75
268.00
268.75
268.90
270.35
270.90
274.00
274.90
276.30
278.45
282.20
283.55
284.95
285.90
288.90
289.00
293.30
293.90
295.60
299.40
300.00
0.00
