  3.25             1267
 18.90          2160151
 19.70          2670739
 20.65          3363352
 24.70          8771491
 26.30         12319426
 27.05         14219576
 27.10         14510334
 28.15         17709941
 29.20         21908886
 29.70         24082366
 38.85        111408414
 41.60        168307298
 42.95        202293926
 45.75        296181380
 48.60        431038858
 48.70        436508094
 49.50        482464952
 53.25        753893055
 54.10        837084985
 56.45       1086838920
 58.35       1339621045
 60.25       1641995202
 69.55       4141170648
 70.75       4630558566
 78.60       9306926528
 78.90       9545655734
 82.00      12344240284
 90.95      24740509321
 92.05      26852247206
100.95      50619764500
107.30      77610003879
107.45      78116465736
108.25      82274014744
111.10      99022503921
122.65     198742296296
123.35     206974924038
125.45     233504431160
126.95     254245496522
127.45     261511192858
130.30     307376209118
131.00     319456089548
137.50     453244518959
139.10     492934825083
141.55     558227527544
142.15     575697998627
142.70     593649699518
143.95     631042185467
150.35     867841983264
154.20    1047911923075
157.65    1231071942535
159.45    1339063438125
162.80    1566140632898
162.90    1573305767572
163.95    1646573035808
168.25    1997233111828
169.20    2087689874557
173.60    2530318004884
174.75    2653201129223
178.35    3093198679588
188.80    4768906042092
190.75    5146150478943
204.65    8813958135878
206.20    9358224020941
209.05   10382948504484
209.35   10498447538231
211.35   11298088932224
213.40   12195587795771
216.05   13394309243739
217.10   13932242643416
217.40   14082248560279
220.75   15829755389456
223.00   17159286338674
232.60   23847087419718
237.35   27898595388621
243.50   34176867405128
246.90   38129336561164
254.20   48021562096645
254.30   48171627568805
255.75   50316964012480
268.00   73156055162621
268.75   74697517947636
268.90   75143221523731
270.35   78330232363429
270.90   79732626516856
274.00   87341695670636
274.90   89668933566256
276.30   93399236690746
278.45   99254706249644
282.20  110688836560489
283.55  114862268366032
284.95  119513384587159
285.90  122937849315505
288.90  133743353133161
289.00  134117710966099
293.30  151127837166081
293.90  153648488258109
295.60  160995607141560
299.40  178565265267216
300.00  181490736388615
